snapshot_id,topology_id,timestep,edge_id,u,v,bandwidth_mbps,load_mbps,utilization,queue_length_pkts,latency_ms,propagation_delay_ms,link_reliability,cost_metric,is_bottleneck,is_inter_domain
topology_462_t00,462,0,0,0,9,592.9119165132953,44.41951910361009,0.0749175684726081,0.006067180474480485,2.7050229663787975,2.7048863782167256,0.9972632182842922,3.548181960704463,0,False
topology_462_t00,462,0,1,0,23,92.46075671140883,32.851154287213674,0.3552983498691195,0.19580672299208787,8.201816818165202,8.195856396766303,0.9797675058862381,13.603556028304192,0,True
topology_462_t00,462,0,2,1,2,910.7428925873426,119.20358070587889,0.13088609494083642,0.019711075555390485,2.442745956715206,2.4425806003103174,0.944486476096452,2.9915829631830517,0,False
topology_462_t00,462,0,3,1,12,132.76620679864016,61.674985069654575,0.4645382779007457,0.4030088477454044,4.880453171506881,4.87391877433937,0.9465087925153663,8.639937342289608,0,False
topology_462_t00,462,0,4,1,27,78.60913329269306,198.678344262971,1.2,198.00499999999982,48.44944699543697,9.517934540528694,0.9859756692617863,15.878518598087263,1,True
topology_462_t00,462,0,5,2,3,974.8636757250107,100.2890652870771,0.1028749637353055,0.0117968596747732,2.7418572365515033,2.7417396079781287,0.9869939450781644,3.2546318332712167,0,False
topology_462_t00,462,0,6,3,10,639.4647333950521,109.22487864250215,0.17080672778091202,0.035184726206406114,3.625085597233649,3.6247634661711685,0.9935143544718396,4.406667414721068,0,False
topology_462_t00,462,0,7,3,4,293.426766893204,109.53683417069307,0.37330212008422614,0.22236308327404392,1.9818865483230121,1.9798565181057106,0.9947165647974934,3.683859207751201,0,False
topology_462_t00,462,0,8,4,6,411.8432296828302,67.23402794765542,0.1632515071315701,0.031850735086916604,3.3753276081541776,3.3748538787635822,0.9670626418382721,4.5889080721154105,0,False
topology_462_t00,462,0,9,4,20,65.45075309570458,87.39493532899287,1.2,198.00499999999982,47.251194044804706,7.810740106726831,0.9679555621975716,15.450071609435149,1,True
topology_462_t00,462,0,10,5,9,962.1762351853553,66.44224263323757,0.06905412979820481,0.005122180563681631,0.7362381140436535,0.7361610218149646,0.98696874129807,1.2558163424472384,0,False
topology_462_t00,462,0,11,7,8,982.8140036184217,69.54219143748816,0.07075824233421074,0.00538797230852341,4.6069605748699765,4.606883097123055,0.9818789614608132,5.1156263569455165,0,False
topology_462_t00,462,0,12,8,9,688.2491406110404,126.28510724092838,0.1834874899063588,0.04123348820249548,1.6188882679405052,1.6185617568490285,0.988782453628049,2.345042867390032,0,False
topology_462_t00,462,0,13,9,10,386.0464023049756,281.1684882331791,0.7283282179406423,1.9525840668012067,3.841433477287051,3.834488943498535,0.9885810799965605,5.129670033167132,0,False
topology_462_t00,462,0,14,9,24,76.74369747728582,419.3800357845187,1.2,198.00499999999982,42.691315511082074,3.698268700184053,0.971517016743571,10.213461692390185,1,True
topology_462_t00,462,0,15,10,11,461.732363987649,159.83848575946283,0.3461712849821772,0.18328127198106486,4.332004826300948,4.330858160833553,0.9552675755403913,5.413736553159923,0,False
topology_462_t00,462,0,16,11,12,346.05607673481467,44.871448254661,0.12966525159171333,0.01931794347070589,3.71326918334319,3.7128386658488344,0.995992012277572,5.157691201650868,0,False
topology_462_t00,462,0,17,11,13,371.5032859257024,92.74471441057739,0.24964709041396088,0.08305914317909369,4.420352686944665,4.419457119540021,0.9415059853723691,5.7653402353625705,0,False
topology_462_t00,462,0,18,14,15,784.8133529003403,34.964058927872514,0.04455079516506701,0.0020773195893576102,4.371967203508041,4.371907790509292,0.9569827400642611,5.009001945638292,0,False
topology_462_t00,462,0,19,14,16,436.97228213870494,31.31551914128699,0.0716647723924666,0.005532311442386942,7.25066318067349,7.250486517102389,0.9555238171695148,8.394723853056089,0,False
topology_462_t00,462,0,20,15,16,974.3093733186109,45.062612267005214,0.046250824944356964,0.002242873560450264,5.259130545379409,5.259080772997215,0.9683567622639768,5.772264792049543,0,False
topology_462_t00,462,0,21,15,28,391.73354864515943,95.83743694886397,0.24464955141147626,0.0792392499636174,1.8858296719120047,1.885002862968795,0.9574040583810876,3.161380650189952,0,False
topology_462_t00,462,0,22,15,37,760.2458709735571,33.31731377744724,0.043824392935908604,0.002008603233560822,5.598700965562725,5.598640678492555,0.9505428730124924,6.256322645722063,0,False
topology_462_t00,462,0,23,16,17,282.5071792846604,83.66221396076156,0.29614190397781603,0.1245990175963564,3.946185616504801,3.944696305958288,0.9569658581767934,5.714562832062352,0,False
topology_462_t00,462,0,24,16,18,776.9669149707504,23.342518697420655,0.030043130856221085,0.0009305462339173666,6.193940134974449,6.193900270114706,0.9461802232144993,6.837428315345336,0,False
topology_462_t00,462,0,25,17,18,834.6844887005743,58.55020702908683,0.07014651382852101,0.005291729799878891,2.7108750091254903,2.7107846297729927,0.9568596152469053,3.309813372691641,0,False
topology_462_t00,462,0,26,17,19,278.9181983384308,58.06180718364787,0.20816786975368834,0.05472607178027607,3.525956389292607,3.525013840749342,0.954406842457987,5.317654130908235,0,False
topology_462_t00,462,0,27,17,30,154.74109095528343,93.75676990459786,0.6058944610367998,0.9314969256226387,4.581359922450228,4.571424672690979,0.9553681063444318,7.802628465512165,0,False
topology_462_t00,462,0,28,17,23,449.47282491693636,194.0695082264758,0.4317713941045052,0.3280836882070566,2.823797988818816,2.8221074414927303,0.9454072009500477,3.9345217461671034,0,False
topology_462_t00,462,0,29,18,19,235.14448384920456,39.92458720222374,0.16978747087185306,0.034723380163069854,5.936316455842917,5.935446731630436,0.9875656259987371,8.061798971815854,0,False
topology_462_t00,462,0,30,18,20,288.1927545348798,74.35997398898219,0.2580216636916958,0.08972658051645258,3.7697668419667782,3.768560190381212,0.996071027408291,5.503510122786557,0,False
topology_462_t00,462,0,31,19,33,844.4022530489698,138.40790719677366,0.16391229025859422,0.032134474152391776,2.673152510351948,2.6729203381097455,0.9826901432454663,3.265055186393959,0,False
topology_462_t00,462,0,32,19,25,649.6494236558382,81.92638726079059,0.12610861224159625,0.018198350852609537,2.9887152741310814,2.9884931436129287,0.9885353965765363,3.758139019978522,0,False
topology_462_t00,462,0,33,19,27,533.5494701077831,61.846971156905205,0.11591609517372664,0.015198264606982972,3.555336681566967,3.5550909417300325,0.9553763013762556,4.492211167712066,0,False
topology_462_t00,462,0,34,20,21,696.9189117200689,27.28307930709462,0.039148140261766065,0.0015950189099622819,4.91295903282777,4.912900570991699,0.9598490076771349,5.63034415243498,0,False
topology_462_t00,462,0,35,20,22,528.9183879526738,11.959996038467368,0.022612176681476078,0.000523139865338447,5.585753790882232,5.585710050076328,0.9650195581864678,6.531035475300037,0,False
topology_462_t00,462,0,36,21,22,737.1745918880516,4.180829694669837,0.005671424029905719,3.2348512659018084e-05,4.52301523438154,4.52300749703871,0.9497905611961392,5.2012728706721125,0,False
topology_462_t00,462,0,37,21,23,511.48602307379736,78.41777358838307,0.15331361963153572,0.027761242544487592,1.8001903757567546,1.799836358532417,0.9486196494898088,2.7773801768272524,0,False
topology_462_t00,462,0,38,22,23,917.6686316363276,55.76425925109729,0.06076731548692261,0.003931578076844247,3.338030566693755,3.3379600631466864,0.9988762458146112,3.8828190490187784,0,False
topology_462_t00,462,0,39,22,24,178.2627848048726,0.0,0.0,1.000001000001e-12,5.576277703914149,5.576277698304448,0.9631771545946513,8.381125611722286,0,False
topology_462_t00,462,0,40,23,24,697.9704501842481,227.61719548315423,0.3261129399146748,0.1578152421658411,2.5033053954345448,2.5026120592310526,0.9646057658347074,3.2189747646550595,0,False
topology_462_t00,462,0,41,24,25,163.83927750945526,169.66198837573646,1.0355391634704028,198.00499999999982,22.267082528367574,4.387777946461453,0.9485273040017604,7.439549216455882,1,False
topology_462_t00,462,0,42,24,26,407.81054510308013,150.7895575132138,0.36975394413869195,0.21692794097581003,3.9400100207377893,3.938571406920272,0.9938309675713546,5.164630924026721,0,False
topology_462_t00,462,0,43,25,27,806.0503516211406,100.49906085586792,0.12468087217348482,0.01775960263148949,1.63410339318006,1.6339266790647216,0.9420362416742302,2.254235322308152,0,False
topology_462_t00,462,0,44,25,29,910.6624541302035,33.92756595571857,0.03725591826240782,0.0014417158951214718,5.422617883919056,5.422575389980734,0.9907626894126476,5.971626246016698,0,False
topology_462_t00,462,0,45,25,38,846.992280567397,73.08569896968818,0.08628850657378878,0.008148859262801957,4.001326472192682,4.001214974876823,0.9864887750388566,4.591539127140704,0,False
topology_462_t00,462,0,46,26,27,399.92146941082905,36.58936250413775,0.09149136843801312,0.00921363893292756,4.093871705166355,4.093619893210574,0.9691850644511771,5.343865349491299,0,False
topology_462_t00,462,0,47,26,36,405.9455376162782,138.8124895421849,0.34194855388063905,0.17768947122692155,2.996217751262086,2.994937682935288,0.9501726177503664,4.226630000422042,0,False
topology_462_t00,462,0,48,27,28,177.4079664961693,140.3273799078986,0.7909869138313393,2.9934025152260437,2.633615850147204,2.612284285935069,0.9613499828339247,5.430647011550304,0,False
topology_462_t00,462,0,49,27,29,960.0882209304324,15.86726135357403,0.01652687847601847,0.0002777276838413547,5.440000027457094,5.4399825242674975,0.981348204810184,5.96076799908089,0,False
topology_462_t00,462,0,50,28,29,147.52994179428038,7.648844207541319,0.051846046399225645,0.0028349958538088442,3.641573501067234,3.641202857375601,0.9508847515767354,7.030345386132327,0,False
topology_462_t00,462,0,51,28,30,933.0278418091989,63.95001948143647,0.06854031210626407,0.0050434543165758855,3.623965481208051,3.6238866156446394,0.9890321641125113,4.1597763046709275,0,False
topology_462_t00,462,0,52,29,30,411.4361355692942,13.479195916259776,0.03276133219948933,0.0011096587876557697,4.912931534806808,4.912849210995021,0.9563725410027549,6.128104646223534,0,False
topology_462_t00,462,0,53,30,32,651.3685647839569,93.44359405158714,0.14345732831393254,0.024026829867635872,2.4186599108031905,2.418402784243457,0.9591649493479909,3.1860173530641642,0,False
topology_462_t00,462,0,54,31,32,930.5317528671179,12.197324879044585,0.01310790829164364,0.00017409933793746018,7.888310747556632,7.8882964739893,0.9948034822341632,8.425623651121535,0,False
topology_462_t00,462,0,55,31,33,960.7224710309384,61.388647722422895,0.06389841975544462,0.004361714725635133,5.631063050611968,5.630991999776228,0.9704548030729981,6.151433662250779,0,False
topology_462_t00,462,0,56,32,33,879.6709246413344,9.593310457154988,0.010905567284796231,0.00012024271279814443,6.349922999322109,6.34991046530548,0.9682644051959106,6.918304834147287,0,False
topology_462_t00,462,0,57,32,34,708.4387926115686,27.816833425591955,0.03926497774500571,0.0016047489074532684,2.9582462593410606,2.9581885694925107,0.9763746472115434,3.663965843710957,0,False
topology_462_t00,462,0,58,33,34,175.0184903667092,2.4010738834348944,0.013718972654855045,0.00019082817725013084,5.565627208741469,5.565547732562678,0.9583044928360857,8.42238873806084,0,False
topology_462_t00,462,0,59,33,35,710.6729966043911,37.51005795058508,0.05278103731225028,0.002941070660000613,4.7812835422014714,4.781205134680377,0.9526677940790381,5.484763596010707,0,False
topology_462_t00,462,0,60,33,38,884.3330034054281,12.75936589507328,0.01442823670035943,0.0002112215690764552,5.820368988046662,5.820352433809498,0.9400001551434191,6.385750307771658,0,False
topology_462_t00,462,0,61,34,35,190.5956874685175,1.2711583876963113,0.006669397427506226,4.4779514424333303e-05,6.980157042660611,6.980121815331855,0.9521696001153351,9.603476029904993,0,False
topology_462_t00,462,0,62,34,36,261.0742572089472,57.03077057615969,0.21844654921498405,0.06105647005461258,3.29838781570247,3.2973172275017886,0.9441788159540778,5.212481155747046,0,False
topology_462_t00,462,0,63,35,36,626.6592114735337,24.973657590607218,0.039852055364962835,0.0016541058340917973,5.08814223681279,5.088076002788876,0.9572569464874533,5.8859578352832775,0,False
topology_462_t00,462,0,64,35,37,495.6765320775072,7.421829334166576,0.014973130366006617,0.00022760255569549437,7.215331297298773,7.215300630660476,0.959386425031529,8.224022988171274,0,False
topology_462_t00,462,0,65,36,37,781.8234832545287,44.32432212488697,0.0566935159588406,0.0034073281655032806,4.3732562453571235,4.373179372705673,0.9752511100826408,5.012709919829468,0,False
topology_462_t00,462,0,66,36,38,727.2067132669448,20.008247176575313,0.027513837278384197,0.000778428805262195,2.1380679761047503,2.1380290707074714,0.9598905343658651,2.825591480237179,0,False
topology_462_t00,462,0,67,37,38,219.3519221613546,28.70395558463984,0.13085800799833108,0.019701980130835052,3.099543437809955,3.098857052267282,0.9610590169210946,5.378299124501331,0,False
topology_462_t01,462,1,0,0,9,592.9119165132953,60.4204996093297,0.10190468082449959,0.011562875067066065,2.7050777515940037,2.7048863782167256,0.9972632182842922,3.548181960704463,0,False
topology_462_t01,462,1,1,0,23,92.46075671140883,36.765713182808206,0.39763586726379935,0.2624895380414,8.202995916588378,8.195856396766303,0.9797675058862381,13.603556028304192,0,True
topology_462_t01,462,1,2,1,2,910.7428925873426,196.1392357099973,0.21536180771368144,0.059110949068841824,2.442881972694353,2.4425806003103174,0.944486476096452,2.9915829631830517,0,False
topology_462_t01,462,1,3,1,12,132.76620679864016,85.07992240234054,0.6408251350539599,1.1433340520045023,4.887357127592653,4.87391877433937,0.9465087925153663,8.639937342289608,0,False
topology_462_t01,462,1,4,1,27,78.60913329269306,280.01608762758707,1.2,198.00499999999982,48.44944699543697,9.517934540528694,0.9859756692617863,15.878518598087263,1,True
topology_462_t01,462,1,5,2,3,974.8636757250107,155.5282299981972,0.1595384399593411,0.030283971373335595,2.7419343248560466,2.7417396079781287,0.9869939450781644,3.2546318332712167,0,False
topology_462_t01,462,1,6,3,10,639.4647333950521,185.7084767758691,0.2904123825404787,0.1188568541187213,3.625403484635496,3.6247634661711685,0.9935143544718396,4.406667414721068,0,False
topology_462_t01,462,1,7,3,4,293.426766893204,166.85295718816835,0.5686357756478855,0.7495907798851917,1.9843490412980915,1.9798565181057106,0.9947165647974934,3.683859207751201,0,False
topology_462_t01,462,1,8,4,6,411.8432296828302,90.018553925741,0.21857480574602703,0.06113822034177464,3.3755330523080964,3.3748538787635822,0.9670626418382721,4.5889080721154105,0,False
topology_462_t01,462,1,9,4,20,65.45075309570458,112.44312547974633,1.2,198.00499999999982,47.251194044804706,7.810740106726831,0.9679555621975716,15.450071609435149,1,True
topology_462_t01,462,1,10,5,9,962.1762351853553,111.85980667927537,0.11625708741156604,0.01529371288968388,0.7362977439615845,0.7361610218149646,0.98696874129807,1.2558163424472384,0,False
topology_462_t01,462,1,11,7,8,982.8140036184217,101.36249453808894,0.10313497179008757,0.01186000353628751,4.607000102960277,4.606883097123055,0.9818789614608132,5.1156263569455165,0,False
topology_462_t01,462,1,12,8,9,688.2491406110404,179.9112586246633,0.2614042619289502,0.09251635858755246,1.6190759901399008,1.6185617568490285,0.988782453628049,2.345042867390032,0,False
topology_462_t01,462,1,13,9,10,386.0464023049756,391.4696609369576,1.0140482040490502,198.00499999999982,18.435755503072652,3.834488943498535,0.9885810799965605,5.129670033167132,1,False
topology_462_t01,462,1,14,9,24,76.74369747728582,588.8506832398764,1.2,198.00499999999982,42.691315511082074,3.698268700184053,0.971517016743571,10.213461692390185,1,True
topology_462_t01,462,1,15,10,11,461.732363987649,215.44852620650585,0.46660910737517397,0.4081885575774132,4.332752759811623,4.330858160833553,0.9552675755403913,5.413736553159923,0,False
topology_462_t01,462,1,16,11,12,346.05607673481467,55.23688061513012,0.15961829405312986,0.030317175654990015,3.7133875233389273,3.7128386658488344,0.995992012277572,5.157691201650868,0,False
topology_462_t01,462,1,17,11,13,371.5032859257024,139.9020448166187,0.3765835999754736,0.22748071395765052,4.421083119462008,4.419457119540021,0.9415059853723691,5.7653402353625705,0,False
topology_462_t01,462,1,18,14,15,784.8133529003403,42.53010352844202,0.05419136075000334,0.0031049659075494773,4.3719807968189395,4.371907790509292,0.9569827400642611,5.009001945638292,0,False
topology_462_t01,462,1,19,14,16,436.97228213870494,31.294872848826863,0.07161752387510281,0.005524737764773252,7.250663055214285,7.250486517102389,0.9555238171695148,8.394723853056089,0,False
topology_462_t01,462,1,20,15,16,974.3093733186109,62.054467814755895,0.06369072238665956,0.004332444647429541,5.259150589801709,5.259080772997215,0.9683567622639768,5.772264792049543,0,False
topology_462_t01,462,1,21,15,28,391.73354864515943,125.01641283685376,0.31913634476606006,0.14958649322476655,1.8861993978063445,1.885002862968795,0.9574040583810876,3.161380650189952,0,False
topology_462_t01,462,1,22,15,37,760.2458709735571,35.091070009599036,0.04615752791220299,0.0022336155553049153,5.598704330457419,5.598640678492555,0.9505428730124924,6.256322645722063,0,False
topology_462_t01,462,1,23,16,17,282.5071792846604,79.25319471161589,0.2805351528137932,0.10938682031797689,3.9460765256543646,3.944696305958288,0.9569658581767934,5.714562832062352,0,False
topology_462_t01,462,1,24,16,18,776.9669149707504,37.140769715100106,0.047802253866238695,0.0023997698839032283,6.193964882935127,6.193900270114706,0.9461802232144993,6.837428315345336,0,False
topology_462_t01,462,1,25,17,18,834.6844887005743,57.287325531654695,0.06863350919679703,0.005057685273392727,2.710872916060168,2.7107846297729927,0.9568596152469053,3.309813372691641,0,False
topology_462_t01,462,1,26,17,19,278.9181983384308,75.05519460926,0.2690939316845519,0.09907093018989489,3.526333815078976,3.525013840749342,0.954406842457987,5.317654130908235,0,False
topology_462_t01,462,1,27,17,30,154.74109095528343,103.86706133704564,0.6712312850829054,1.3704206563196377,4.58461865968434,4.571424672690979,0.9553681063444318,7.802628465512165,0,False
topology_462_t01,462,1,28,17,23,449.47282491693636,237.39161240200926,0.5281556508914188,0.5911873101702578,2.8245977877361734,2.8221074414927303,0.9454072009500477,3.9345217461671034,0,False
topology_462_t01,462,1,29,18,19,235.14448384920456,47.46326192978506,0.20184722666181149,0.05104574496517049,5.936522210703928,5.935446731630436,0.9875656259987371,8.061798971815854,0,False
topology_462_t01,462,1,30,18,20,288.1927545348798,88.2861027860125,0.30634393612184757,0.13529270784996947,3.7700926253124254,3.768560190381212,0.996071027408291,5.503510122786557,0,False
topology_462_t01,462,1,31,19,33,844.4022530489698,172.03393157512886,0.2037345719459515,0.052128064767848536,2.6732233484768897,2.6729203381097455,0.9826901432454663,3.265055186393959,0,False
topology_462_t01,462,1,32,19,25,649.6494236558382,78.48333168548427,0.12080874519033212,0.01660020255504264,2.9887046560729447,2.9884931436129287,0.9885353965765363,3.758139019978522,0,False
topology_462_t01,462,1,33,19,27,533.5494701077831,86.5328018695686,0.16218327768573734,0.03139519045195502,3.5554537543256455,3.5550909417300325,0.9553763013762556,4.492211167712066,0,False
topology_462_t01,462,1,34,20,21,696.9189117200689,52.389226071792926,0.07517262796397765,0.006110247345480265,4.913017202746043,4.912900570991699,0.9598490076771349,5.63034415243498,0,False
topology_462_t01,462,1,35,20,22,528.9183879526738,13.413588655560389,0.025360412799187083,0.000659885506182152,5.585759245375447,5.585710050076328,0.9650195581864678,6.531035475300037,0,False
topology_462_t01,462,1,36,21,22,737.1745918880516,3.22773337462621,0.004378519566659696,1.9255745252982608e-05,4.523013462756141,4.52300749703871,0.9497905611961392,5.2012728706721125,0,False
topology_462_t01,462,1,37,21,23,511.48602307379736,131.11778194079955,0.25634675440951754,0.0883659943474259,1.8005103021656865,1.799836358532417,0.9486196494898088,2.7773801768272524,0,False
topology_462_t01,462,1,38,22,23,917.6686316363276,63.11455533500961,0.06877706522720277,0.005079647981845523,3.3380405461344043,3.3379600631466864,0.9988762458146112,3.8828190490187784,0,False
topology_462_t01,462,1,39,22,24,178.2627848048726,0.0,0.0,1.000001000001e-12,5.576277703914149,5.576277698304448,0.9631771545946513,8.381125611722286,0,False
topology_462_t01,462,1,40,23,24,697.9704501842481,274.7051209912446,0.3935770073342343,0.2554369847047467,2.503541918069443,2.5026120592310526,0.9646057658347074,3.2189747646550595,0,False
topology_462_t01,462,1,41,24,25,163.83927750945526,245.58246609847123,1.2,198.00499999999982,42.00238291191924,4.387777946461453,0.9485273040017604,7.439549216455882,1,False
topology_462_t01,462,1,42,24,26,407.81054510308013,222.0467019551453,0.5444849443484099,0.6508321754546954,3.941502466781662,3.938571406920272,0.9938309675713546,5.164630924026721,0,False
topology_462_t01,462,1,43,25,27,806.0503516211406,165.9404197463796,0.20586855326424425,0.053368823759998234,1.6342482934359615,1.6339266790647216,0.9420362416742302,2.254235322308152,0,False
topology_462_t01,462,1,44,25,29,910.6624541302035,67.88530812293118,0.07454497307432108,0.006004562997632861,5.4226638415642014,5.422575389980734,0.9907626894126476,5.971626246016698,0,False
topology_462_t01,462,1,45,25,38,846.992280567397,104.34656847968446,0.12319659915882951,0.01730992606750922,4.001380863667606,4.001214974876823,0.9864887750388566,4.591539127140704,0,False
topology_462_t01,462,1,46,26,27,399.92146941082905,53.65593634111628,0.13416618122593693,0.020789860357081004,4.094007359384399,4.093619893210574,0.9691850644511771,5.343865349491299,0,False
topology_462_t01,462,1,47,26,36,405.9455376162782,208.8588868478887,0.5144997727387596,0.5452314979160633,2.99754820866462,2.994937682935288,0.9501726177503664,4.226630000422042,0,False
topology_462_t01,462,1,48,27,28,177.4079664961693,190.91079988059457,1.0761117646017144,198.00499999999982,25.267404402935682,2.612284285935069,0.9613499828339247,5.430647011550304,1,False
topology_462_t01,462,1,49,27,29,960.0882209304324,18.26862855565954,0.01902807279309729,0.0003690906377416073,5.440002727789432,5.4399825242674975,0.981348204810184,5.96076799908089,0,False
topology_462_t01,462,1,50,28,29,147.52994179428038,12.187905519653837,0.08261309786625533,0.007439526249159903,3.6418132597320323,3.641202857375601,0.9508847515767354,7.030345386132327,0,False
topology_462_t01,462,1,51,28,30,933.0278418091989,69.31742666469033,0.07429298843888682,0.00596241366031415,3.6239726317295866,3.6238866156446394,0.9890321641125113,4.1597763046709275,0,False
topology_462_t01,462,1,52,29,30,411.4361355692942,13.663174703263685,0.03320849464123583,0.0011406845325226066,4.912932697048394,4.912849210995021,0.9563725410027549,6.128104646223534,0,False
topology_462_t01,462,1,53,30,32,651.3685647839569,97.32305807904467,0.14941319452731705,0.026245766516977603,2.41867246099874,2.418402784243457,0.9591649493479909,3.1860173530641642,0,False
topology_462_t01,462,1,54,31,32,930.5317528671179,13.841529032313897,0.014874859444254235,0.00022460237220369545,7.888312700691688,7.8882964739893,0.9948034822341632,8.425623651121535,0,False
topology_462_t01,462,1,55,31,33,960.7224710309384,67.80003140692918,0.07057192212249795,0.005358560076469229,5.631071034549004,5.630991999776228,0.9704548030729981,6.151433662250779,0,False
topology_462_t01,462,1,56,32,33,879.6709246413344,14.347442904575432,0.016310011508480028,0.00027042714525811625,6.3499293137614075,6.34991046530548,0.9682644051959106,6.918304834147287,0,False
topology_462_t01,462,1,57,32,34,708.4387926115686,26.303998212942368,0.03712952831955469,0.0014317625410473075,2.9582430008580185,2.9581885694925107,0.9763746472115434,3.663965843710957,0,False
topology_462_t01,462,1,58,33,34,175.0184903667092,4.340709799173899,0.02480143549449538,0.0006307548277611755,5.565693044011022,5.565547732562678,0.9583044928360857,8.42238873806084,0,False
topology_462_t01,462,1,59,33,35,710.6729966043911,50.72911213390384,0.07138179215516628,0.005487034615774798,4.781313298107351,4.781205134680377,0.9526677940790381,5.484763596010707,0,False
topology_462_t01,462,1,60,33,38,884.3330034054281,10.062361425002429,0.011378475513470432,0.0001309598282091726,5.820365448630044,5.820352433809498,0.9400001551434191,6.385750307771658,0,False
topology_462_t01,462,1,61,34,35,190.5956874685175,1.1236076625947469,0.005895241794389204,3.495997331010167e-05,6.980152929371456,6.980121815331855,0.9521696001153351,9.603476029904993,0,False
topology_462_t01,462,1,62,34,36,261.0742572089472,48.56727668663266,0.18602859280669143,0.042515789910810876,3.2981926274173556,3.2973172275017886,0.9441788159540778,5.212481155747046,0,False
topology_462_t01,462,1,63,35,36,626.6592114735337,27.62853034883901,0.04408860484771773,0.0020334573761499517,5.088149602699927,5.088076002788876,0.9572569464874533,5.8859578352832775,0,False
topology_462_t01,462,1,64,35,37,495.6765320775072,4.64912079246818,0.009379344172261949,8.880503004274313e-05,7.215319732128045,7.215300630660476,0.959386425031529,8.224022988171274,0,False
topology_462_t01,462,1,65,36,37,781.8234832545287,95.63195983736496,0.12231911919462163,0.01704716058850301,4.373357630691993,4.373179372705673,0.9752511100826408,5.012709919829468,0,False
topology_462_t01,462,1,66,36,38,727.2067132669448,23.310075551361557,0.032054263424827374,0.0010615014508392642,2.138074609017654,2.1380290707074714,0.9598905343658651,2.825591480237179,0,False
topology_462_t01,462,1,67,37,38,219.3519221613546,44.71588208685863,0.20385452585168487,0.052197329583102796,3.100024363011185,3.098857052267282,0.9610590169210946,5.378299124501331,0,False
topology_462_t02,462,2,0,0,9,592.9119165132953,58.94275885252854,0.09941233631995458,0.010973737495146123,2.7050725543935585,2.7048863782167256,0.9972632182842922,3.548181960704463,0,False
topology_462_t02,462,2,1,0,23,92.46075671140883,33.44091945382257,0.36167689561744915,0.20492784285163504,8.201984453237197,8.195856396766303,0.9797675058862381,13.603556028304192,0,True
topology_462_t02,462,2,2,1,2,910.7428925873426,165.96857910697608,0.1822342841847204,0.04060983933425121,2.442825284211046,2.4425806003103174,0.944486476096452,2.9915829631830517,0,False
topology_462_t02,462,2,3,1,12,132.76620679864016,93.76068149152623,0.706208934881512,1.697570549006785,4.892024130678532,4.87391877433937,0.9465087925153663,8.639937342289608,0,False
topology_462_t02,462,2,4,1,27,78.60913329269306,273.246848798717,1.2,198.00499999999982,48.44944699543697,9.517934540528694,0.9859756692617863,15.878518598087263,1,True
topology_462_t02,462,2,5,2,3,974.8636757250107,147.81501926434723,0.15162634832446342,0.02709955626368784,2.741922942231972,2.7417396079781287,0.9869939450781644,3.2546318332712167,0,False
topology_462_t02,462,2,6,3,10,639.4647333950521,141.2877016895508,0.22094682366520013,0.06266260169480602,3.6252069768302384,3.6247634661711685,0.9935143544718396,4.406667414721068,0,False
topology_462_t02,462,2,7,3,4,293.426766893204,163.89502199888418,0.5585551166112109,0.7067333432377633,1.9841686279832307,1.9798565181057106,0.9947165647974934,3.683859207751201,0,False
topology_462_t02,462,2,8,4,6,411.8432296828302,109.733019498033,0.2664436649414897,0.09677815212623077,3.375735820703838,3.3748538787635822,0.9670626418382721,4.5889080721154105,0,False
topology_462_t02,462,2,9,4,20,65.45075309570458,127.73129906122789,1.2,198.00499999999982,47.251194044804706,7.810740106726831,0.9679555621975716,15.450071609435149,1,True
topology_462_t02,462,2,10,5,9,962.1762351853553,91.66643473864198,0.09526990107065282,0.010032112406509835,0.736270463318118,0.7361610218149646,0.98696874129807,1.2558163424472384,0,False
topology_462_t02,462,2,11,7,8,982.8140036184217,104.22045915759854,0.10604291226406072,0.012579014581027522,4.607003793334554,4.606883097123055,0.9818789614608132,5.1156263569455165,0,False
topology_462_t02,462,2,12,8,9,688.2491406110404,177.15535813953113,0.25740004263899163,0.08922001852249709,1.6190653827029653,1.6185617568490285,0.988782453628049,2.345042867390032,0,False
topology_462_t02,462,2,13,9,10,386.0464023049756,344.9454976007968,0.8935337709177531,7.499115979337642,3.8562289459960204,3.834488943498535,0.9885810799965605,5.129670033167132,1,False
topology_462_t02,462,2,14,9,24,76.74369747728582,549.1967598854047,1.2,198.00499999999982,42.691315511082074,3.698268700184053,0.971517016743571,10.213461692390185,1,True
topology_462_t02,462,2,15,10,11,461.732363987649,208.77713299121362,0.4521604922560686,0.3731916151852504,4.332645672759972,4.330858160833553,0.9552675755403913,5.413736553159923,0,False
topology_462_t02,462,2,16,11,12,346.05607673481467,58.96217508329352,0.17038329637100022,0.034992626782054725,3.713432141695555,3.7128386658488344,0.995992012277572,5.157691201650868,0,False
topology_462_t02,462,2,17,11,13,371.5032859257024,118.98639134473298,0.320283550247061,0.15091815505737377,4.420725484378653,4.419457119540021,0.9415059853723691,5.7653402353625705,0,False
topology_462_t02,462,2,18,14,15,784.8133529003403,40.02643347105433,0.051001213630136974,0.002740913717810706,4.371976268099727,4.371907790509292,0.9569827400642611,5.009001945638292,0,False
topology_462_t02,462,2,19,14,16,436.97228213870494,38.952517192081025,0.08914184900111492,0.00872393712964347,7.250710480475195,7.250486517102389,0.9555238171695148,8.394723853056089,0,False
topology_462_t02,462,2,20,15,16,974.3093733186109,42.142982984391395,0.043254210765567715,0.0019555108263912295,5.259127174810469,5.259080772997215,0.9683567622639768,5.772264792049543,0,False
topology_462_t02,462,2,21,15,28,391.73354864515943,115.15209796882385,0.2939551599986425,0.12238547921356015,1.8860656788564107,1.885002862968795,0.9574040583810876,3.161380650189952,0,False
topology_462_t02,462,2,22,15,37,760.2458709735571,35.71358657903111,0.046976363756237094,0.002315555110947804,5.598705515304894,5.598640678492555,0.9505428730124924,6.256322645722063,0,False
topology_462_t02,462,2,23,16,17,282.5071792846604,96.34317463673037,0.34102911961629434,0.17648861867544907,3.9465281806016232,3.944696305958288,0.9569658581767934,5.714562832062352,0,False
topology_462_t02,462,2,24,16,18,776.9669149707504,31.550807672354587,0.040607659173675814,0.0017187775150937208,6.1939547466128335,6.193900270114706,0.9461802232144993,6.837428315345336,0,False
topology_462_t02,462,2,25,17,18,834.6844887005743,75.38225653317441,0.09031227673887711,0.008966051889235271,2.710903570917787,2.7107846297729927,0.9568596152469053,3.309813372691641,0,False
topology_462_t02,462,2,26,17,19,278.9181983384308,73.16712551044428,0.26232467421026984,0.09328526018659228,3.5262888021413032,3.525013840749342,0.954406842457987,5.317654130908235,0,False
topology_462_t02,462,2,27,17,30,154.74109095528343,131.77303349395768,0.8515710512344586,4.885659174518887,4.608500992822464,4.571424672690979,0.9553681063444318,7.802628465512165,1,False
topology_462_t02,462,2,28,17,23,449.47282491693636,243.6302944300116,0.5420356491519482,0.6415404264710003,2.824740695407117,2.8221074414927303,0.9454072009500477,3.9345217461671034,0,False
topology_462_t02,462,2,29,18,19,235.14448384920456,58.389955987976066,0.24831522743872175,0.08202966779258186,5.936851590846453,5.935446731630436,0.9875656259987371,8.061798971815854,0,False
topology_462_t02,462,2,30,18,20,288.1927545348798,97.81852502120479,0.3394204867470597,0.174401816151234,3.7703431023205756,3.768560190381212,0.996071027408291,5.503510122786557,0,False
topology_462_t02,462,2,31,19,33,844.4022530489698,172.6478231739684,0.20446158516343507,0.052548738097245654,2.6732247076472886,2.6729203381097455,0.9826901432454663,3.265055186393959,0,False
topology_462_t02,462,2,32,19,25,649.6494236558382,107.18448589484592,0.16498819515866847,0.03259966432077857,2.9887972889754653,2.9884931436129287,0.9885353965765363,3.758139019978522,0,False
topology_462_t02,462,2,33,19,27,533.5494701077831,86.3305399820402,0.16180419027424098,0.031234462981708948,3.5554527425827573,3.5550909417300325,0.9553763013762556,4.492211167712066,0,False
topology_462_t02,462,2,34,20,21,696.9189117200689,43.375383741191705,0.062238781315514476,0.004130759325998262,4.912995803793572,4.912900570991699,0.9598490076771349,5.63034415243498,0,False
topology_462_t02,462,2,35,20,22,528.9183879526738,18.441771011244153,0.034866950046165295,0.0012596234328312939,5.5857783528131995,5.585710050076328,0.9650195581864678,6.531035475300037,0,False
topology_462_t02,462,2,36,21,22,737.1745918880516,2.447613241616031,0.0033202626196695197,1.106086885296828e-05,4.523012016081451,4.52300749703871,0.9497905611961392,5.2012728706721125,0,False
topology_462_t02,462,2,37,21,23,511.48602307379736,124.71315490039866,0.24382514726586188,0.07862031145873265,1.8004667676622441,1.799836358532417,0.9486196494898088,2.7773801768272524,0,False
topology_462_t02,462,2,38,22,23,917.6686316363276,65.24123760843452,0.07109454912074366,0.005441280283044472,3.33804346561547,3.3379600631466864,0.9988762458146112,3.8828190490187784,0,False
topology_462_t02,462,2,39,22,24,178.2627848048726,0.0,0.0,1.000001000001e-12,5.576277703914149,5.576277698304448,0.9631771545946513,8.381125611722286,0,False
topology_462_t02,462,2,40,23,24,697.9704501842481,285.28770227787356,0.40873894045595227,0.2825613470535147,2.503602502719494,2.5026120592310526,0.9646057658347074,3.2189747646550595,0,False
topology_462_t02,462,2,41,24,25,163.83927750945526,213.65595279489287,1.2,198.00499999999982,42.00238291191924,4.387777946461453,0.9485273040017604,7.439549216455882,1,False
topology_462_t02,462,2,42,24,26,407.81054510308013,197.69030052568291,0.484760148798295,0.4560835139496047,3.940878467573915,3.938571406920272,0.9938309675713546,5.164630924026721,0,False
topology_462_t02,462,2,43,25,27,806.0503516211406,135.28957645173352,0.16784258722750642,0.03385313121632302,1.6341769062596334,1.6339266790647216,0.9420362416742302,2.254235322308152,0,False
topology_462_t02,462,2,44,25,29,910.6624541302035,37.816926943956545,0.041526832222457705,0.001799192562094128,5.422622966362727,5.422575389980734,0.9907626894126476,5.971626246016698,0,False
topology_462_t02,462,2,45,25,38,846.992280567397,96.18952394986238,0.1135659983647376,0.014549572738395881,4.001366234308629,4.001214974876823,0.9864887750388566,4.591539127140704,0,False
topology_462_t02,462,2,46,26,27,399.92146941082905,52.20217007517198,0.1305310518889548,0.019596278330874836,4.093995285235516,4.093619893210574,0.9691850644511771,5.343865349491299,0,False
topology_462_t02,462,2,47,26,36,405.9455376162782,180.55952118012942,0.4447875501733045,0.3563247993645001,2.996911130788027,2.994937682935288,0.9501726177503664,4.226630000422042,0,False
topology_462_t02,462,2,48,27,28,177.4079664961693,182.91068433248344,1.0310173096788917,198.00499999999982,19.856069812196957,2.612284285935069,0.9613499828339247,5.430647011550304,1,False
topology_462_t02,462,2,49,27,29,960.0882209304324,30.586121498671417,0.03185761561477138,0.0010483041430966714,5.440016798117588,5.4399825242674975,0.981348204810184,5.96076799908089,0,False
topology_462_t02,462,2,50,28,29,147.52994179428038,13.262946241481089,0.08990003032723547,0.008880360094665014,3.641872419019973,3.641202857375601,0.9508847515767354,7.030345386132327,0,False
topology_462_t02,462,2,51,28,30,933.0278418091989,80.46240949211351,0.08623795120206906,0.008138863106991497,3.623987766767982,3.6238866156446394,0.9890321641125113,4.1597763046709275,0,False
topology_462_t02,462,2,52,29,30,411.4361355692942,17.557347657838296,0.04267332433876917,0.001902185175049056,4.912957552255451,4.912849210995021,0.9563725410027549,6.128104646223534,0,False
topology_462_t02,462,2,53,30,32,651.3685647839569,114.66705809041353,0.17604020870802356,0.03761124682233783,2.4187307881832867,2.418402784243457,0.9591649493479909,3.1860173530641642,0,False
topology_462_t02,462,2,54,31,32,930.5317528671179,11.794476699905088,0.012674985741823864,0.00016271770818664626,7.8883102700832115,7.8882964739893,0.9948034822341632,8.425623651121535,0,False
topology_462_t02,462,2,55,31,33,960.7224710309384,76.58955825002572,0.07972079404766966,0.006905953065639696,5.631082168112792,5.630991999776228,0.9704548030729981,6.151433662250779,0,False
topology_462_t02,462,2,56,32,33,879.6709246413344,9.41485994472611,0.010702706752033215,0.00011578716792395589,6.349922763647527,6.34991046530548,0.9682644051959106,6.918304834147287,0,False
topology_462_t02,462,2,57,32,34,708.4387926115686,47.62539007975945,0.0672258359881657,0.004845023799619751,2.958290301442454,2.9581885694925107,0.9763746472115434,3.663965843710957,0,False
topology_462_t02,462,2,58,33,34,175.0184903667092,3.6856777309086564,0.021058790549422546,0.0004530125559361666,5.565670644165105,5.565547732562678,0.9583044928360857,8.42238873806084,0,False
topology_462_t02,462,2,59,33,35,710.6729966043911,43.152860288856665,0.060721119973661364,0.0039254096831735285,4.781296099906249,4.781205134680377,0.9526677940790381,5.484763596010707,0,False
topology_462_t02,462,2,60,33,38,884.3330034054281,11.679350888855208,0.013206960323633578,0.00017675824005329067,5.820367568061542,5.820352433809498,0.9400001551434191,6.385750307771658,0,False
topology_462_t02,462,2,61,34,35,190.5956874685175,1.6255421969696302,0.008528745946773515,7.336522075374329e-05,6.980166948101026,6.980121815331855,0.9521696001153351,9.603476029904993,0,False
topology_462_t02,462,2,62,34,36,261.0742572089472,79.97165317625107,0.3063176508905926,0.1352643661289586,3.2990086314025038,3.2973172275017886,0.9441788159540778,5.212481155747046,0,False
topology_462_t02,462,2,63,35,36,626.6592114735337,31.13702930844641,0.04968734000611025,0.0025979152554893646,5.088159437699437,5.088076002788876,0.9572569464874533,5.8859578352832775,0,False
topology_462_t02,462,2,64,35,37,495.6765320775072,8.596933335445149,0.017343837722986807,0.0003061179673104227,7.215336238470304,7.215300630660476,0.959386425031529,8.224022988171274,0,False
topology_462_t02,462,2,65,36,37,781.8234832545287,57.92773930278886,0.07409311761991426,0.005929095228806048,4.373281726004803,4.373179372705673,0.9752511100826408,5.012709919829468,0,False
topology_462_t02,462,2,66,36,38,727.2067132669448,27.479620367332572,0.03778790798544964,0.0014840033728189897,2.138083074487472,2.1380290707074714,0.9598905343658651,2.825591480237179,0,False
topology_462_t02,462,2,67,37,38,219.3519221613546,32.53315648091232,0.14831489125033073,0.025827981187660953,3.0996509494473115,3.098857052267282,0.9610590169210946,5.378299124501331,0,False
topology_462_t03,462,3,0,0,9,592.9119165132953,30.403139610112248,0.05127766665393121,0.0027715159694807704,2.7049775370906124,2.7048863782167256,0.9972632182842922,3.548181960704463,0,False
topology_462_t03,462,3,1,0,23,92.46075671140883,21.54638587013502,0.23303276586180466,0.07080389819549697,8.199142511598843,8.195856396766303,0.9797675058862381,13.603556028304192,0,True
topology_462_t03,462,3,2,1,2,910.7428925873426,81.32205340644455,0.08929199894760152,0.008754794145703057,2.442688256152478,2.4425806003103174,0.944486476096452,2.9915829631830517,0,False
topology_462_t03,462,3,3,1,12,132.76620679864016,51.17186054899068,0.38542835396811836,0.2417212329949675,4.878642488318141,4.87391877433937,0.9465087925153663,8.639937342289608,0,False
topology_462_t03,462,3,4,1,27,78.60913329269306,129.50206677568164,1.2,198.00499999999982,48.44944699543697,9.517934540528694,0.9859756692617863,15.878518598087263,1,True
topology_462_t03,462,3,5,2,3,974.8636757250107,76.45019578609265,0.07842142208164263,0.006673244787436852,2.741826896764231,2.7417396079781287,0.9869939450781644,3.2546318332712167,0,False
topology_462_t03,462,3,6,3,10,639.4647333950521,76.79348739237274,0.12009026203002633,0.016389943663667594,3.62497689499463,3.6247634661711685,0.9935143544718396,4.406667414721068,0,False
topology_462_t03,462,3,7,3,4,293.426766893204,80.92985706913045,0.2758093882368468,0.10504253632117325,1.9811544635133176,1.9798565181057106,0.9947165647974934,3.683859207751201,0,False
topology_462_t03,462,3,8,4,6,411.8432296828302,58.206747001782425,0.14133229055776578,0.023262568435559076,3.3752535329211124,3.3748538787635822,0.9670626418382721,4.5889080721154105,0,False
topology_462_t03,462,3,9,4,20,65.45075309570458,66.50224325000626,1.0160653637210888,198.00499999999982,25.179037691335367,7.810740106726831,0.9679555621975716,15.450071609435149,1,True
topology_462_t03,462,3,10,5,9,962.1762351853553,48.89334091215595,0.05081536949697895,0.0027204420448169913,0.7362166621535887,0.7361610218149646,0.98696874129807,1.2558163424472384,0,False
topology_462_t03,462,3,11,7,8,982.8140036184217,54.21896716028093,0.05516706819465658,0.003221104293410572,4.606942506301468,4.606883097123055,0.9818789614608132,5.1156263569455165,0,False
topology_462_t03,462,3,12,8,9,688.2491406110404,101.50051404782448,0.14747641233189254,0.025511660332797167,1.618813101983308,1.6185617568490285,0.988782453628049,2.345042867390032,0,False
topology_462_t03,462,3,13,9,10,386.0464023049756,192.09923697668384,0.497606598143935,0.49286540309165966,3.837054624710228,3.834488943498535,0.9885810799965605,5.129670033167132,0,False
topology_462_t03,462,3,14,9,24,76.74369747728582,297.9715785684854,1.2,198.00499999999982,42.691315511082074,3.698268700184053,0.971517016743571,10.213461692390185,1,True
topology_462_t03,462,3,15,10,11,461.732363987649,106.89861923664408,0.23151640988177197,0.0697475505447013,4.331510625299818,4.330858160833553,0.9552675755403913,5.413736553159923,0,False
topology_462_t03,462,3,16,11,12,346.05607673481467,29.420133395484456,0.08501550868019961,0.007899190406744206,3.7131071619260125,3.7128386658488344,0.995992012277572,5.157691201650868,0,False
topology_462_t03,462,3,17,11,13,371.5032859257024,62.34578016930463,0.16782026574530293,0.033843219722296584,4.419999950500358,4.419457119540021,0.9415059853723691,5.7653402353625705,0,False
topology_462_t03,462,3,18,14,15,784.8133529003403,21.559178557160394,0.027470453296298707,0.0007759412625167664,4.3719437817350455,4.371907790509292,0.9569827400642611,5.009001945638292,0,False
topology_462_t03,462,3,19,14,16,436.97228213870494,21.73516184624603,0.04974036737494209,0.0026036085945896495,7.250606304965622,7.250486517102389,0.9555238171695148,8.394723853056089,0,False
topology_462_t03,462,3,20,15,16,974.3093733186109,23.394648362801526,0.024011519342276914,0.0005907375676565328,5.259106023967372,5.259080772997215,0.9683567622639768,5.772264792049543,0,False
topology_462_t03,462,3,21,15,28,391.73354864515943,54.90483259761597,0.14015861747738623,0.022846583628644588,1.8854189754045814,1.885002862968795,0.9574040583810876,3.161380650189952,0,False
topology_462_t03,462,3,22,15,37,760.2458709735571,19.50754042072208,0.025659515119419298,0.000675750137021562,5.5986753189506775,5.598640678492555,0.9505428730124924,6.256322645722063,0,False
topology_462_t03,462,3,23,16,17,282.5071792846604,58.3431160900483,0.20651905639275983,0.0537506552576605,3.9456175912591056,3.944696305958288,0.9569658581767934,5.714562832062352,0,False
topology_462_t03,462,3,24,16,18,776.9669149707504,16.724378138595302,0.02152521274245623,0.00047352756518809105,6.193928583727401,6.193900270114706,0.9461802232144993,6.837428315345336,0,False
topology_462_t03,462,3,25,17,18,834.6844887005743,38.71452604302535,0.04638222773648952,0.002255946892320618,2.7108429011022044,2.7107846297729927,0.9568596152469053,3.309813372691641,0,False
topology_462_t03,462,3,26,17,19,278.9181983384308,40.33257956606377,0.14460361427233032,0.024445047476829088,3.52561992763344,3.525013840749342,0.954406842457987,5.317654130908235,0,False
topology_462_t03,462,3,27,17,30,154.74109095528343,56.635087183613244,0.36599901702889936,0.21128560375154273,4.575155321203385,4.571424672690979,0.9553681063444318,7.802628465512165,0,False
topology_462_t03,462,3,28,17,23,449.47282491693636,129.94767770302147,0.28911131107211235,0.1175786751029803,2.823012257009108,2.8221074414927303,0.9454072009500477,3.9345217461671034,0,False
topology_462_t03,462,3,29,18,19,235.14448384920456,29.500876246302088,0.12545850858751448,0.017997816606255913,5.936056808987325,5.935446731630436,0.9875656259987371,8.061798971815854,0,False
topology_462_t03,462,3,30,18,20,288.1927545348798,53.94303553374746,0.18717693170602862,0.04310311201725418,3.769359239073796,3.768560190381212,0.996071027408291,5.503510122786557,0,False
topology_462_t03,462,3,31,19,33,844.4022530489698,88.02876382661577,0.10424979742624003,0.01213286944528172,2.6730581665753275,2.6729203381097455,0.9826901432454663,3.265055186393959,0,False
topology_462_t03,462,3,32,19,25,649.6494236558382,56.1406236754296,0.08641679901677396,0.008174256208157465,2.9886387468441185,2.9884931436129287,0.9885353965765363,3.758139019978522,0,False
topology_462_t03,462,3,33,19,27,533.5494701077831,43.10305931039903,0.08078549736295627,0.007099862508106179,3.555255660026638,3.5550909417300325,0.9553763013762556,4.492211167712066,0,False
topology_462_t03,462,3,34,20,21,696.9189117200689,23.35388645690998,0.03351019188053046,0.0011618673579754523,4.912950321484411,4.912900570991699,0.9598490076771349,5.63034415243498,0,False
topology_462_t03,462,3,35,20,22,528.9183879526738,9.09432125236103,0.01719418621001841,0.0003008122614626325,5.585743127010066,5.585710050076328,0.9650195581864678,6.531035475300037,0,False
topology_462_t03,462,3,36,21,22,737.1745918880516,0.824925395352962,0.0011190366629975175,1.2536459288894643e-06,4.52300901674696,4.52300749703871,0.9497905611961392,5.2012728706721125,0,False
topology_462_t03,462,3,37,21,23,511.48602307379736,54.62123928458033,0.106789309620489,0.012767375908113356,1.8000701023301657,1.799836358532417,0.9486196494898088,2.7773801768272524,0,False
topology_462_t03,462,3,38,22,23,917.6686316363276,35.59120133752768,0.03878437173346956,0.0015649220076380753,3.3380040324972233,3.3379600631466864,0.9988762458146112,3.8828190490187784,0,False
topology_462_t03,462,3,39,22,24,178.2627848048726,0.0,0.0,1.000001000001e-12,5.576277703914149,5.576277698304448,0.9631771545946513,8.381125611722286,0,False
topology_462_t03,462,3,40,23,24,697.9704501842481,166.26360287017198,0.23821008873123817,0.07448778926310155,2.5030600694267733,2.5026120592310526,0.9646057658347074,3.2189747646550595,0,False
topology_462_t03,462,3,41,24,25,163.83927750945526,118.06273579489735,0.7206009303116213,1.8585090542539213,4.4035196539675585,4.387777946461453,0.9485273040017604,7.439549216455882,0,False
topology_462_t03,462,3,42,24,26,407.81054510308013,111.11991851991411,0.2724792672828676,0.1020520072626928,3.9394898021874933,3.938571406920272,0.9938309675713546,5.164630924026721,0,False
topology_462_t03,462,3,43,25,27,806.0503516211406,58.669997802788714,0.07278701347228586,0.005713842889598451,1.634024068584128,1.6339266790647216,0.9420362416742302,2.254235322308152,0,False
topology_462_t03,462,3,44,25,29,910.6624541302035,24.62227283368833,0.027037759953775276,0.0007513554311041329,5.4226059052559155,5.422575389980734,0.9907626894126476,5.971626246016698,0,False
topology_462_t03,462,3,45,25,38,846.992280567397,48.50193758979575,0.057263730381703695,0.0034783161769687096,4.0012866898711055,4.001214974876823,0.9864887750388566,4.591539127140704,0,False
topology_462_t03,462,3,46,26,27,399.92146941082905,24.505393233710954,0.06127551308963909,0.003999776885288673,4.093783113479971,4.093619893210574,0.9691850644511771,5.343865349491299,0,False
topology_462_t03,462,3,47,26,36,405.9455376162782,95.4936912110467,0.23523769166619715,0.07235813137941349,2.9956954097595605,2.994937682935288,0.9501726177503664,4.226630000422042,0,False
topology_462_t03,462,3,48,27,28,177.4079664961693,83.23013180926633,0.4691454022785582,0.4146095925773692,2.6172657702072253,2.612284285935069,0.9613499828339247,5.430647011550304,0,False
topology_462_t03,462,3,49,27,29,960.0882209304324,11.145646001504144,0.011608981089990639,0.00013635134209979158,5.439994757864553,5.4399825242674975,0.981348204810184,5.96076799908089,0,False
topology_462_t03,462,3,50,28,29,147.52994179428038,5.453526179350923,0.036965555012252786,0.0014189027863705046,3.641463038172338,3.641202857375601,0.9508847515767354,7.030345386132327,0,False
topology_462_t03,462,3,51,28,30,933.0278418091989,42.21857808340033,0.045249001360490905,0.002144509015480783,3.6239374110317137,3.6238866156446394,0.9890321641125113,4.1597763046709275,0,False
topology_462_t03,462,3,52,29,30,411.4361355692942,7.0225888375543795,0.017068478508426084,0.0002963919176694147,4.912891416501355,4.912849210995021,0.9563725410027549,6.128104646223534,0,False
topology_462_t03,462,3,53,30,32,651.3685647839569,58.85769511779589,0.09036004851925508,0.008976011173553832,2.418555287856716,2.418402784243457,0.9591649493479909,3.1860173530641642,0,False
topology_462_t03,462,3,54,31,32,930.5317528671179,9.24062349513462,0.009930476275165006,9.960346893681623e-05,7.88830725285817,7.8882964739893,0.9948034822341632,8.425623651121535,0,False
topology_462_t03,462,3,55,31,33,960.7224710309384,34.86887943074856,0.03629443515912689,0.0013668967696970561,5.631031200828628,5.630991999776228,0.9704548030729981,6.151433662250779,0,False
topology_462_t03,462,3,56,32,33,879.6709246413344,5.055027342998002,0.005746498152202852,3.321310003122918e-05,6.349917035616138,6.34991046530548,0.9682644051959106,6.918304834147287,0,False
topology_462_t03,462,3,57,32,34,708.4387926115686,16.419844847169276,0.023177506678649862,0.0005499431263220663,2.9582220620822057,2.9581885694925107,0.9763746472115434,3.663965843710957,0,False
topology_462_t03,462,3,58,33,34,175.0184903667092,1.139018358792574,0.0065079887068276885,4.263136142691982e-05,5.565585160722723,5.565547732562678,0.9583044928360857,8.42238873806084,0,False
topology_462_t03,462,3,59,33,35,710.6729966043911,25.28199859457601,0.03557472806111091,0.0013122440000744656,4.78125703896299,4.781205134680377,0.9526677940790381,5.484763596010707,0,False
topology_462_t03,462,3,60,33,38,884.3330034054281,7.8171619129650045,0.008839613452016759,7.883564258779308e-05,5.820362518753813,5.820352433809498,0.9400001551434191,6.385750307771658,0,False
topology_462_t03,462,3,61,34,35,190.5956874685175,0.7760282996905223,0.004071594221242316,1.6645653850480236e-05,6.980143265134468,6.980121815331855,0.9521696001153351,9.603476029904993,0,False
topology_462_t03,462,3,62,34,36,261.0742572089472,34.11206649737351,0.1306603985473466,0.019638055968029252,3.2978929198589064,3.2973172275017886,0.9441788159540778,5.212481155747046,0,False
topology_462_t03,462,3,63,35,36,626.6592114735337,20.33752709657456,0.03245388677643893,0.001088583533645546,5.088129528644231,5.088076002788876,0.9572569464874533,5.8859578352832775,0,False
topology_462_t03,462,3,64,35,37,495.6765320775072,4.0237821379714624,0.00811775800864883,6.643731715035261e-05,7.215317141822083,7.215300630660476,0.959386425031529,8.224022988171274,0,False
topology_462_t03,462,3,65,36,37,781.8234832545287,28.69932517728421,0.03670819026542456,0.0013988401219085388,4.373228113925658,4.373179372705673,0.9752511100826408,5.012709919829468,0,False
topology_462_t03,462,3,66,36,38,727.2067132669448,13.394783703043426,0.018419499515987606,0.0003456445622668456,2.1380548751228265,2.1380290707074714,0.9598905343658651,2.825591480237179,0,False
topology_462_t03,462,3,67,37,38,219.3519221613546,16.297762226606622,0.07429960980518803,0.005963519164166527,3.0992229625733256,3.098857052267282,0.9610590169210946,5.378299124501331,0,False
topology_462_t04,462,4,0,0,9,592.9119165132953,70.09442163660924,0.11822063224637089,0.01584990350175286,2.705112500397802,2.7048863782167256,0.9972632182842922,3.548181960704463,0,False
topology_462_t04,462,4,1,0,23,92.46075671140883,47.12870042621585,0.5097157118594141,0.5299172606605137,8.207100442451164,8.195856396766303,0.9797675058862381,13.603556028304192,0,True
topology_462_t04,462,4,2,1,2,910.7428925873426,178.80826409148014,0.196332318974789,0.047963082731964556,2.4428488378158693,2.4425806003103174,0.944486476096452,2.9915829631830517,0,False
topology_462_t04,462,4,3,1,12,132.76620679864016,105.13072338797353,0.7918485126822974,3.012344879766036,4.902572100243439,4.87391877433937,0.9465087925153663,8.639937342289608,0,False
topology_462_t04,462,4,4,1,27,78.60913329269306,301.12661127218223,1.2,198.00499999999982,48.44944699543697,9.517934540528694,0.9859756692617863,15.878518598087263,1,True
topology_462_t04,462,4,5,2,3,974.8636757250107,159.48946580871618,0.1636018140588766,0.03200097036704877,2.741940254272884,2.7417396079781287,0.9869939450781644,3.2546318332712167,0,False
topology_462_t04,462,4,6,3,10,639.4647333950521,164.39427090588234,0.2570810590805825,0.08896081025502166,3.6253046091791625,3.6247634661711685,0.9935143544718396,4.406667414721068,0,False
topology_462_t04,462,4,7,3,4,293.426766893204,173.08249917227423,0.5898660882402373,0.8483619424761142,1.984758006971039,1.9798565181057106,0.9947165647974934,3.683859207751201,0,False
topology_462_t04,462,4,8,4,6,411.8432296828302,109.95733633286615,0.2669883305294269,0.09724643086565782,3.3757382802424547,3.3748538787635822,0.9670626418382721,4.5889080721154105,0,False
topology_462_t04,462,4,9,4,20,65.45075309570458,143.23337923991141,1.2,198.00499999999982,47.251194044804706,7.810740106726831,0.9679555621975716,15.450071609435149,1,True
topology_462_t04,462,4,10,5,9,962.1762351853553,116.90099889204566,0.12149645212295818,0.016802877932750614,0.7363047577803712,0.7361610218149646,0.98696874129807,1.2558163424472384,0,False
topology_462_t04,462,4,11,7,8,982.8140036184217,105.43516807196627,0.10727886220972241,0.012891768537597123,4.607005369119898,4.606883097123055,0.9818789614608132,5.1156263569455165,0,False
topology_462_t04,462,4,12,8,9,688.2491406110404,192.62410248589876,0.27987554378183965,0.10877330901736577,1.6191264489494126,1.6185617568490285,0.988782453628049,2.345042867390032,0,False
topology_462_t04,462,4,13,9,10,386.0464023049756,423.29358274780253,1.096483687506047,198.00499999999982,28.328013517912282,3.834488943498535,0.9885810799965605,5.129670033167132,1,False
topology_462_t04,462,4,14,9,24,76.74369747728582,650.4538407218076,1.2,198.00499999999982,42.691315511082074,3.698268700184053,0.971517016743571,10.213461692390185,1,True
topology_462_t04,462,4,15,10,11,461.732363987649,251.8346229859667,0.5454125433423226,0.6543841852177444,4.333456628738636,4.330858160833553,0.9552675755403913,5.413736553159923,0,False
topology_462_t04,462,4,16,11,12,346.05607673481467,65.69374868773556,0.18983555875563246,0.04448175892873245,3.7135157737901117,3.7128386658488344,0.995992012277572,5.157691201650868,0,False
topology_462_t04,462,4,17,11,13,371.5032859257024,143.7304388500705,0.38688874175615073,0.24413660079640057,4.4211556922484165,4.419457119540021,0.9415059853723691,5.7653402353625705,0,False
topology_462_t04,462,4,18,14,15,784.8133529003403,51.69963225251564,0.0658750670607929,0.004645550404708421,4.371997647055699,4.371907790509292,0.9569827400642611,5.009001945638292,0,False
topology_462_t04,462,4,19,14,16,436.97228213870494,44.90882005180305,0.10277269723379838,0.011772075219006438,7.250748649912946,7.250486517102389,0.9555238171695148,8.394723853056089,0,False
topology_462_t04,462,4,20,15,16,974.3093733186109,53.42326406687956,0.054831930729470166,0.003180958736621127,5.259140315572761,5.259080772997215,0.9683567622639768,5.772264792049543,0,False
topology_462_t04,462,4,21,15,28,391.73354864515943,139.72146637237051,0.3566747521513231,0.19774892909555408,1.8864181711117007,1.885002862968795,0.9574040583810876,3.161380650189952,0,False
topology_462_t04,462,4,22,15,37,760.2458709735571,46.55342968976836,0.06123470243929491,0.003994277155932596,5.598726478339796,5.598640678492555,0.9505428730124924,6.256322645722063,0,False
topology_462_t04,462,4,23,16,17,282.5071792846604,122.19508066546513,0.43253796584878534,0.329694465252543,3.9473944052881222,3.944696305958288,0.9569658581767934,5.714562832062352,0,False
topology_462_t04,462,4,24,16,18,776.9669149707504,36.3359950629169,0.04676646374869746,0.002294403258365476,6.193963414202391,6.193900270114706,0.9461802232144993,6.837428315345336,0,False
topology_462_t04,462,4,25,17,18,834.6844887005743,79.37337210337307,0.0950938626245954,0.00999312783433356,2.7109105300285763,2.7107846297729927,0.9568596152469053,3.309813372691641,0,False
topology_462_t04,462,4,26,17,19,278.9181983384308,89.36659822930743,0.32040432916059763,0.1510588406457231,3.5267041684963836,3.525013840749342,0.954406842457987,5.317654130908235,0,False
topology_462_t04,462,4,27,17,30,154.74109095528343,143.36919373874173,0.9265101651646755,11.680813925858166,4.652898339531457,4.571424672690979,0.9553681063444318,7.802628465512165,1,False
topology_462_t04,462,4,28,17,23,449.47282491693636,308.01000664143294,0.6852694747415573,1.4920518199718948,2.826951608200953,2.8221074414927303,0.9454072009500477,3.9345217461671034,0,False
topology_462_t04,462,4,29,18,19,235.14448384920456,56.92324562334897,0.24207774169966575,0.0773187914520761,5.936805030697985,5.935446731630436,0.9875656259987371,8.061798971815854,0,False
topology_462_t04,462,4,30,18,20,288.1927545348798,108.07188444268793,0.3749986172175195,0.22499784286716226,3.770642118016947,3.768560190381212,0.996071027408291,5.503510122786557,0,False
topology_462_t04,462,4,31,19,33,844.4022530489698,202.79483744020624,0.24016378060095664,0.075909307874482,2.673294653890328,2.6729203381097455,0.9826901432454663,3.265055186393959,0,False
topology_462_t04,462,4,32,19,25,649.6494236558382,120.83640995506005,0.18600248927346852,0.04250249608877473,2.9888448794523548,2.9884931436129287,0.9885353965765363,3.758139019978522,0,False
topology_462_t04,462,4,33,19,27,533.5494701077831,95.62676221257482,0.1792275460291566,0.0391369289992943,3.555500209262403,3.5550909417300325,0.9553763013762556,4.492211167712066,0,False
topology_462_t04,462,4,34,20,21,696.9189117200689,52.307980151330696,0.0750560492356695,0.00609054259148574,4.9130170071946235,4.912900570991699,0.9598490076771349,5.63034415243498,0,False
topology_462_t04,462,4,35,20,22,528.9183879526738,19.21227946300322,0.0363237125057605,0.0013691445014506788,5.585781314108484,5.585710050076328,0.9650195581864678,6.531035475300037,0,False
topology_462_t04,462,4,36,21,22,737.1745918880516,3.6871211334062197,0.005001693186362765,2.5142690755546557e-05,4.523014316096139,4.52300749703871,0.9497905611961392,5.2012728706721125,0,False
topology_462_t04,462,4,37,21,23,511.48602307379736,131.58901603956636,0.257268058369956,0.08911270695075998,1.8005135632842482,1.799836358532417,0.9486196494898088,2.7773801768272524,0,False
topology_462_t04,462,4,38,22,23,917.6686316363276,82.01431808613408,0.08937247635880441,0.008771357468492525,3.3380670122462237,3.3379600631466864,0.9988762458146112,3.8828190490187784,0,False
topology_462_t04,462,4,39,22,24,178.2627848048726,0.0,0.0,1.000001000001e-12,5.576277703914149,5.576277698304448,0.9631771545946513,8.381125611722286,0,False
topology_462_t04,462,4,40,23,24,697.9704501842481,350.70216359429963,0.5024599014209303,0.5074283525226436,2.5040589517945944,2.5026120592310526,0.9646057658347074,3.2189747646550595,0,False
topology_462_t04,462,4,41,24,25,163.83927750945526,253.63165681575603,1.2,198.00499999999982,42.00238291191924,4.387777946461453,0.9485273040017604,7.439549216455882,1,False
topology_462_t04,462,4,42,24,26,407.81054510308013,226.4987462160808,0.5554018868218081,0.6938204340997538,3.9416346487513674,3.938571406920272,0.9938309675713546,5.164630924026721,0,False
topology_462_t04,462,4,43,25,27,806.0503516211406,154.55020972803646,0.19173766181877192,0.045484404286924345,1.6342209808606685,1.6339266790647216,0.9420362416742302,2.254235322308152,0,False
topology_462_t04,462,4,44,25,29,910.6624541302035,50.43345111085843,0.05538105901052951,0.00324687719464429,5.422639769417856,5.422575389980734,0.9907626894126476,5.971626246016698,0,False
topology_462_t04,462,4,45,25,38,846.992280567397,102.25765860535444,0.12073033125739047,0.01657718149923586,4.001377086758958,4.001214974876823,0.9864887750388566,4.591539127140704,0,False
topology_462_t04,462,4,46,26,27,399.92146941082905,53.6293351417059,0.13409966516854804,0.020767655900972765,4.0940071375395615,4.093619893210574,0.9691850644511771,5.343865349491299,0,False
topology_462_t04,462,4,47,26,36,405.9455376162782,199.768519966245,0.4921067026362464,0.4768107947801434,2.9973244994109804,2.994937682935288,0.9501726177503664,4.226630000422042,0,False
topology_462_t04,462,4,48,27,28,177.4079664961693,209.77288454829386,1.182432157311399,198.00499999999982,38.02585152809782,2.612284285935069,0.9613499828339247,5.430647011550304,1,False
topology_462_t04,462,4,49,27,29,960.0882209304324,24.00283339244314,0.02500065397030048,0.0006410596083863034,5.44000923193146,5.4399825242674975,0.981348204810184,5.96076799908089,0,False
topology_462_t04,462,4,50,28,29,147.52994179428038,14.69172505914623,0.09958470043750682,0.011013931644705105,3.6419525264308255,3.641202857375601,0.9508847515767354,7.030345386132327,0,False
topology_462_t04,462,4,51,28,30,933.0278418091989,92.26011595425786,0.09888248969651299,0.010850690011880864,3.624004225403739,3.6238866156446394,0.9890321641125113,4.1597763046709275,0,False
topology_462_t04,462,4,52,29,30,411.4361355692942,12.514672428254702,0.030417047377081872,0.0009542213676888591,4.912925459204725,4.912849210995021,0.9563725410027549,6.128104646223534,0,False
topology_462_t04,462,4,53,30,32,651.3685647839569,129.81271483963343,0.19929226225814128,0.04960287496156596,2.418784895310334,2.418402784243457,0.9591649493479909,3.1860173530641642,0,False
topology_462_t04,462,4,54,31,32,930.5317528671179,17.352390669383297,0.01864782218975096,0.00035434911164767017,7.888316894755429,7.8882964739893,0.9948034822341632,8.425623651121535,0,False
topology_462_t04,462,4,55,31,33,960.7224710309384,94.77563145511704,0.09865037439315287,0.010797027137340947,5.63110592175144,5.630991999776228,0.9704548030729981,6.151433662250779,0,False
topology_462_t04,462,4,56,32,33,879.6709246413344,11.610276190459077,0.013198431214710092,0.00017652848560411658,6.349925669809034,6.34991046530548,0.9682644051959106,6.918304834147287,0,False
topology_462_t04,462,4,57,32,34,708.4387926115686,39.55041719686805,0.05582757128681578,0.0033010047963720804,2.9582720327030234,2.9581885694925107,0.9763746472115434,3.663965843710957,0,False
topology_462_t04,462,4,58,33,34,175.0184903667092,4.679146164880257,0.026735153269098772,0.0007344027915145996,5.565704684870991,5.565547732562678,0.9583044928360857,8.42238873806084,0,False
topology_462_t04,462,4,59,33,35,710.6729966043911,57.70018392397505,0.08119090524005781,0.007174464348790903,4.781329475087302,4.781205134680377,0.9526677940790381,5.484763596010707,0,False
topology_462_t04,462,4,60,33,38,884.3330034054281,14.813814668312645,0.016751398637466837,0.0002853900386153333,5.8203716989376915,5.820352433809498,0.9400001551434191,6.385750307771658,0,False
topology_462_t04,462,4,61,34,35,190.5956874685175,2.626745731018733,0.013781768968159984,0.00019259140615664143,6.980195134726223,6.980121815331855,0.9521696001153351,9.603476029904993,0,False
topology_462_t04,462,4,62,34,36,261.0742572089472,74.41871259056366,0.28504806787979736,0.11364736194369057,3.298844361712897,3.2973172275017886,0.9441788159540778,5.212481155747046,0,False
topology_462_t04,462,4,63,35,36,626.6592114735337,38.627991282011514,0.06164114493933826,0.0040492299176809856,5.088180829102212,5.088076002788876,0.9572569464874533,5.8859578352832775,0,False
topology_462_t04,462,4,64,35,37,495.6765320775072,11.010623895698798,0.022213324987468048,0.000504641574290781,7.215346462902052,7.215300630660476,0.959386425031529,8.224022988171274,0,False
topology_462_t04,462,4,65,36,37,781.8234832545287,61.0013326325081,0.07802443126749704,0.0066030078031087775,4.373287616370494,4.373179372705673,0.9752511100826408,5.012709919829468,0,False
topology_462_t04,462,4,66,36,38,727.2067132669448,30.213392227133383,0.04154718551950796,0.0018009948935546118,2.1380886798662186,2.1380290707074714,0.9598905343658651,2.825591480237179,0,False
topology_462_t04,462,4,67,37,38,219.3519221613546,37.20652959497877,0.16962025784123178,0.03464804162409943,3.0997882877789316,3.098857052267282,0.9610590169210946,5.378299124501331,0,False
topology_462_t05,462,5,0,0,9,592.9119165132953,33.94076258590397,0.057244190309915774,0.0034758707297864143,2.704988788135212,2.7048863782167256,0.9972632182842922,3.548181960704463,0,False
topology_462_t05,462,5,1,0,23,92.46075671140883,25.064390248538363,0.27108138782348556,0.10081388730750626,8.199878592650895,8.195856396766303,0.9797675058862381,13.603556028304192,0,True
topology_462_t05,462,5,2,1,2,910.7428925873426,95.49555054769544,0.10485456578903489,0.012282339323439927,2.44270921718569,2.4425806003103174,0.944486476096452,2.9915829631830517,0,False
topology_462_t05,462,5,3,1,12,132.76620679864016,65.4270504318036,0.492798973544778,0.47880586919164436,4.881236938096282,4.87391877433937,0.9465087925153663,8.639937342289608,0,False
topology_462_t05,462,5,4,1,27,78.60913329269306,165.95306355395925,1.2,198.00499999999982,48.44944699543697,9.517934540528694,0.9859756692617863,15.878518598087263,1,True
topology_462_t05,462,5,5,2,3,974.8636757250107,84.47491049124451,0.08665304964657763,0.008221137663126498,2.7418369284442328,2.7417396079781287,0.9869939450781644,3.2546318332712167,0,False
topology_462_t05,462,5,6,3,10,639.4647333950521,78.36028269531909,0.1225404288979127,0.017113217758425198,3.6249818576466684,3.6247634661711685,0.9935143544718396,4.406667414721068,0,False
topology_462_t05,462,5,7,3,4,293.426766893204,83.30996704819779,0.28392081584881246,0.1125727872788377,1.9812077704380242,1.9798565181057106,0.9947165647974934,3.683859207751201,0,False
topology_462_t05,462,5,8,4,6,411.8432296828302,57.44206124441903,0.13947555065711886,0.022606480554924004,3.375247431502902,3.3748538787635822,0.9670626418382721,4.5889080721154105,0,False
topology_462_t05,462,5,9,4,20,65.45075309570458,71.50276045183313,1.0924665809005905,198.00499999999982,34.347183752875566,7.810740106726831,0.9679555621975716,15.450071609435149,1,True
topology_462_t05,462,5,10,5,9,962.1762351853553,53.15898692375302,0.055248700788699465,0.0032309232507935883,0.736221800310526,0.7361610218149646,0.98696874129807,1.2558163424472384,0,False
topology_462_t05,462,5,11,7,8,982.8140036184217,57.293902555870645,0.05829577350844815,0.003608773448548149,4.606946084165089,4.606883097123055,0.9818789614608132,5.1156263569455165,0,False
topology_462_t05,462,5,12,8,9,688.2491406110404,101.99802077460235,0.14819927081063497,0.025784227597111263,1.6188145482993066,1.6185617568490285,0.988782453628049,2.345042867390032,0,False
topology_462_t05,462,5,13,9,10,386.0464023049756,241.91028024945058,0.6266352407510384,1.0517107338705103,3.8388364674350375,3.834488943498535,0.9885810799965605,5.129670033167132,0,False
topology_462_t05,462,5,14,9,24,76.74369747728582,363.4876597780272,1.2,198.00499999999982,42.691315511082074,3.698268700184053,0.971517016743571,10.213461692390185,1,True
topology_462_t05,462,5,15,10,11,461.732363987649,147.74982423728918,0.31999018427315906,0.15057682354441443,4.331877294523367,4.330858160833553,0.9552675755403913,5.413736553159923,0,False
topology_462_t05,462,5,16,11,12,346.05607673481467,37.28016120351125,0.10772867090000363,0.013006656333547471,3.7131875553362628,3.7128386658488344,0.995992012277572,5.157691201650868,0,False
topology_462_t05,462,5,17,11,13,371.5032859257024,83.79388104927216,0.22555353942691705,0.06569130564605236,4.420241082579129,4.419457119540021,0.9415059853723691,5.7653402353625705,0,False
topology_462_t05,462,5,18,14,15,784.8133529003403,26.700685465070435,0.034021701295468436,0.0011982424041931002,4.371952667349842,4.371907790509292,0.9569827400642611,5.009001945638292,0,False
topology_462_t05,462,5,19,14,16,436.97228213870494,20.459127434171958,0.046820194942428325,0.002299808118904268,7.250598926985279,7.250486517102389,0.9555238171695148,8.394723853056089,0,False
topology_462_t05,462,5,20,15,16,974.3093733186109,30.544084572766412,0.03134947215865296,0.0010145964683633826,5.259113990442836,5.259080772997215,0.9683567622639768,5.772264792049543,0,False
topology_462_t05,462,5,21,15,28,391.73354864515943,75.95813631916407,0.19390255591299524,0.046642253322334244,1.8856169150714737,1.885002862968795,0.9574040583810876,3.161380650189952,0,False
topology_462_t05,462,5,22,15,37,760.2458709735571,21.08578901420706,0.027735486398900108,0.0007912015660577563,5.598678201469074,5.598640678492555,0.9505428730124924,6.256322645722063,0,False
topology_462_t05,462,5,23,16,17,282.5071792846604,63.51443734596225,0.2248241531659049,0.06520572080928654,3.945722934289326,3.944696305958288,0.9569658581767934,5.714562832062352,0,False
topology_462_t05,462,5,24,16,18,776.9669149707504,17.56565541983546,0.022607983791043063,0.0005229436322577789,6.193930040915724,6.193900270114706,0.9461802232144993,6.837428315345336,0,False
topology_462_t05,462,5,25,17,18,834.6844887005743,44.686714182930885,0.053537252444332065,0.0030283678958210204,2.7108523986378823,2.7107846297729927,0.9568596152469053,3.309813372691641,0,False
topology_462_t05,462,5,26,17,19,278.9181983384308,40.99622314194876,0.14698296269720343,0.02532656486153945,3.525631618752302,3.525013840749342,0.954406842457987,5.317654130908235,0,False
topology_462_t05,462,5,27,17,30,154.74109095528343,86.053976331619,0.5561158694201438,0.6967243001386928,4.579521036506334,4.571424672690979,0.9553681063444318,7.802628465512165,0,False
topology_462_t05,462,5,28,17,23,449.47282491693636,170.26803841757575,0.37881720312911393,0.2310148866153993,2.8234642133728927,2.8221074414927303,0.9454072009500477,3.9345217461671034,0,False
topology_462_t05,462,5,29,18,19,235.14448384920456,31.587408194783716,0.13433191235325917,0.020845244192306968,5.936106654219328,5.935446731630436,0.9875656259987371,8.061798971815854,0,False
topology_462_t05,462,5,30,18,20,288.1927545348798,54.5059637991482,0.18913023641804075,0.04411342971962782,3.769369522546811,3.768560190381212,0.996071027408291,5.503510122786557,0,False
topology_462_t05,462,5,31,19,33,844.4022530489698,106.1450314541767,0.12570434419248405,0.01807349955807325,2.673090609853137,2.6729203381097455,0.9826901432454663,3.265055186393959,0,False
topology_462_t05,462,5,32,19,25,649.6494236558382,61.481794303691935,0.0946384189147882,0.009892655621586366,2.9886540474338665,2.9884931436129287,0.9885353965765363,3.758139019978522,0,False
topology_462_t05,462,5,33,19,27,533.5494701077831,49.89456452787889,0.09351441117128205,0.009647086731970069,3.555284291182488,3.5550909417300325,0.9553763013762556,4.492211167712066,0,False
topology_462_t05,462,5,34,20,21,696.9189117200689,31.478202465981916,0.04516766862918157,0.0021366246432676073,4.9129684473148645,4.912900570991699,0.9598490076771349,5.63034415243498,0,False
topology_462_t05,462,5,35,20,22,528.9183879526738,8.12971769591649,0.015370457675681935,0.00023993894048947106,5.585739563885966,5.585710050076328,0.9650195581864678,6.531035475300037,0,False
topology_462_t05,462,5,36,21,22,737.1745918880516,1.0326072382468,0.0014007634685320423,1.9648906418046185e-06,4.523009399882859,4.52300749703871,0.9497905611961392,5.2012728706721125,0,False
topology_462_t05,462,5,37,21,23,511.48602307379736,76.70909012009179,0.14997299370783426,0.026460216763935764,1.8001813009208942,1.799836358532417,0.9486196494898088,2.7773801768272524,0,False
topology_462_t05,462,5,38,22,23,917.6686316363276,43.0655822316594,0.046929338921466265,0.002310807520938232,3.338013721019196,3.3379600631466864,0.9988762458146112,3.8828190490187784,0,False
topology_462_t05,462,5,39,22,24,178.2627848048726,0.0,0.0,1.000001000001e-12,5.576277703914149,5.576277698304448,0.9631771545946513,8.381125611722286,0,False
topology_462_t05,462,5,40,23,24,697.9704501842481,204.14262406717822,0.29248032493823956,0.12090793159711193,2.503204331090737,2.5026120592310526,0.9646057658347074,3.2189747646550595,0,False
topology_462_t05,462,5,41,24,25,163.83927750945526,142.22121114143894,0.86805321229051,5.710759560338113,4.427932010081814,4.387777946461453,0.9485273040017604,7.439549216455882,1,False
topology_462_t05,462,5,42,24,26,407.81054510308013,128.58608053715218,0.3153083756199834,0.14520313699782164,3.9397006359658366,3.938571406920272,0.9938309675713546,5.164630924026721,0,False
topology_462_t05,462,5,43,25,27,806.0503516211406,85.92377347500336,0.10659851869327043,0.012719079188204533,1.6340747065392354,1.6339266790647216,0.9420362416742302,2.254235322308152,0,False
topology_462_t05,462,5,44,25,29,910.6624541302035,25.471097979052207,0.02796985629914905,0.0008048236636124425,5.422606987506065,5.422575389980734,0.9907626894126476,5.971626246016698,0,False
topology_462_t05,462,5,45,25,38,846.992280567397,55.406593343642605,0.06541570049083084,0.004578735030059323,4.001297613688447,4.001214974876823,0.9864887750388566,4.591539127140704,0,False
topology_462_t05,462,5,46,26,27,399.92146941082905,34.956187076594006,0.08740762812282131,0.008371857676546156,4.093859388944425,4.093619893210574,0.9691850644511771,5.343865349491299,0,False
topology_462_t05,462,5,47,26,36,405.9455376162782,118.12239696357634,0.2909808977263153,0.11941833805336516,2.9959486541069125,2.994937682935288,0.9501726177503664,4.226630000422042,0,False
topology_462_t05,462,5,48,27,28,177.4079664961693,126.90125671027901,0.7153075434919611,1.797254792250022,2.6264469100007486,2.612284285935069,0.9613499828339247,5.430647011550304,0,False
topology_462_t05,462,5,49,27,29,960.0882209304324,15.450585642888571,0.016092881160353404,0.0002632167397535267,5.43999956030392,5.4399825242674975,0.981348204810184,5.96076799908089,0,False
topology_462_t05,462,5,50,28,29,147.52994179428038,5.360238125722924,0.03633322199230161,0.0013698749925478114,3.6414584197145152,3.641202857375601,0.9508847515767354,7.030345386132327,0,False
topology_462_t05,462,5,51,28,30,933.0278418091989,56.06211349628348,0.06008621713535961,0.0038411538967266317,3.623955131682605,3.6238866156446394,0.9890321641125113,4.1597763046709275,0,False
topology_462_t05,462,5,52,29,30,411.4361355692942,9.023280195017769,0.021931180601170275,0.0004917615949118794,4.912903710199776,4.912849210995021,0.9563725410027549,6.128104646223534,0,False
topology_462_t05,462,5,53,30,32,651.3685647839569,72.02508153627647,0.11057500381549029,0.013746894365738352,2.4185936468439917,2.418402784243457,0.9591649493479909,3.1860173530641642,0,False
topology_462_t05,462,5,54,31,32,930.5317528671179,9.723511865602902,0.01044941436511242,0.00011034328326304029,7.888307822078836,7.8882964739893,0.9948034822341632,8.425623651121535,0,False
topology_462_t05,462,5,55,31,33,960.7224710309384,45.90354217926446,0.04778023161049411,0.00239750382058716,5.631044228944321,5.630991999776228,0.9704548030729981,6.151433662250779,0,False
topology_462_t05,462,5,56,32,33,879.6709246413344,5.292630282110368,0.006016602497426315,3.641862198401844e-05,6.349917346311718,6.34991046530548,0.9682644051959106,6.918304834147287,0,False
topology_462_t05,462,5,57,32,34,708.4387926115686,25.61795459175685,0.03616114032564415,0.0013566874343422146,2.9582415279529326,2.9581885694925107,0.9763746472115434,3.663965843710957,0,False
topology_462_t05,462,5,58,33,34,175.0184903667092,4.583671182761077,0.026189639581264218,0.0007043437298218798,5.565701396231327,5.565547732562678,0.9583044928360857,8.42238873806084,0,False
topology_462_t05,462,5,59,33,35,710.6729966043911,29.071648825954238,0.0409072090326481,0.0017447735678973837,4.781265151006879,4.781205134680377,0.9526677940790381,5.484763596010707,0,False
topology_462_t05,462,5,60,33,38,884.3330034054281,10.359393694204687,0.011714358340480659,0.00013885276234385023,5.820365837370213,5.820352433809498,0.9400001551434191,6.385750307771658,0,False
topology_462_t05,462,5,61,34,35,190.5956874685175,1.506353589935954,0.007903398077591722,6.296130946506942e-05,6.980163612496801,6.980121815331855,0.9521696001153351,9.603476029904993,0,False
topology_462_t05,462,5,62,34,36,261.0742572089472,43.761835164122814,0.16762217628028578,0.03375533703598565,3.2980885694007145,3.2973172275017886,0.9441788159540778,5.212481155747046,0,False
topology_462_t05,462,5,63,35,36,626.6592114735337,23.049157534943742,0.03678100810286613,0.0014045015395705357,5.088136937837692,5.088076002788876,0.9572569464874533,5.8859578352832775,0,False
topology_462_t05,462,5,64,35,37,495.6765320775072,5.4925321548484085,0.011080879967885105,0.0001241617220007739,7.2153232362126145,7.215300630660476,0.959386425031529,8.224022988171274,0,False
topology_462_t05,462,5,65,36,37,781.8234832545287,46.77807052821329,0.05983201007660744,0.0038076912511124227,4.373260771771691,4.373179372705673,0.9752511100826408,5.012709919829468,0,False
topology_462_t05,462,5,66,36,38,727.2067132669448,16.843187796916858,0.023161485571619057,0.0005491741019222979,2.1380616758240647,2.1380290707074714,0.9598905343658651,2.825591480237179,0,False
topology_462_t05,462,5,67,37,38,219.3519221613546,19.122165589690105,0.08717573751473169,0.008325380386523244,3.0992924307994607,3.098857052267282,0.9610590169210946,5.378299124501331,0,False
topology_462_t06,462,6,0,0,9,592.9119165132953,82.28316182361489,0.13877805375795613,0.022362816331939338,2.7051581569845355,2.7048863782167256,0.9972632182842922,3.548181960704463,0,False
topology_462_t06,462,6,1,0,23,92.46075671140883,101.36173992521911,1.0962676872912935,198.00499999999982,34.30024332507361,8.195856396766303,0.9797675058862381,13.603556028304192,0,True
topology_462_t06,462,6,2,1,2,910.7428925873426,243.52790979612016,0.26739479580705616,0.09759687266139942,2.4429813628871537,2.4425806003103174,0.944486476096452,2.9915829631830517,0,False
topology_462_t06,462,6,3,1,12,132.76620679864016,134.9489410767769,1.0164404356407288,198.00499999999982,20.74564644127105,4.87391877433937,0.9465087925153663,8.639937342289608,0,False
topology_462_t06,462,6,4,1,27,78.60913329269306,402.75254726296674,1.2,198.00499999999982,48.44944699543697,9.517934540528694,0.9859756692617863,15.878518598087263,1,True
topology_462_t06,462,6,5,2,3,974.8636757250107,226.30524272338613,0.2321403990717798,0.07018101332074476,2.7420497245820403,2.7417396079781287,0.9869939450781644,3.2546318332712167,0,False
topology_462_t06,462,6,6,3,10,639.4647333950521,204.47661308179696,0.31976214230953415,0.15031187473383675,3.6254985716312422,3.6247634661711685,0.9935143544718396,4.406667414721068,0,False
topology_462_t06,462,6,7,3,4,293.426766893204,237.93823734195092,0.810894792800383,3.477166888887806,1.9944702553836355,1.9798565181057106,0.9947165647974934,3.683859207751201,0,False
topology_462_t06,462,6,8,4,6,411.8432296828302,123.90032869314412,0.30084342721516283,0.12945135785259662,3.3758986811399603,3.3748538787635822,0.9670626418382721,4.5889080721154105,0,False
topology_462_t06,462,6,9,4,20,65.45075309570458,167.29837405292022,1.2,198.00499999999982,47.251194044804706,7.810740106726831,0.9679555621975716,15.450071609435149,1,True
topology_462_t06,462,6,10,5,9,962.1762351853553,163.9887758337141,0.1704352797719256,0.03501617641472055,0.7363745496996427,0.7361610218149646,0.98696874129807,1.2558163424472384,0,False
topology_462_t06,462,6,11,7,8,982.8140036184217,147.82662118839195,0.15041159430384526,0.02662895061813687,4.607063233490944,4.606883097123055,0.9818789614608132,5.1156263569455165,0,False
topology_462_t06,462,6,12,8,9,688.2491406110404,274.1112931187739,0.3982733532735149,0.26361083523667095,1.6195234495696653,1.6185617568490285,0.988782453628049,2.345042867390032,0,False
topology_462_t06,462,6,13,9,10,386.0464023049756,617.7219652533809,1.2,198.00499999999982,40.74997101718663,3.834488943498535,0.9885810799965605,5.129670033167132,1,False
topology_462_t06,462,6,14,9,24,76.74369747728582,922.5901433080527,1.2,198.00499999999982,42.691315511082074,3.698268700184053,0.971517016743571,10.213461692390185,1,True
topology_462_t06,462,6,15,10,11,461.732363987649,303.53344197184913,0.6573796113195315,1.2613025017073463,4.335013559637432,4.330858160833553,0.9552675755403913,5.413736553159923,0,False
topology_462_t06,462,6,16,11,12,346.05607673481467,97.05604737227067,0.2804633523214951,0.10931992449473805,3.7139650245606766,3.7128386658488344,0.995992012277572,5.157691201650868,0,False
topology_462_t06,462,6,17,11,13,371.5032859257024,176.7228940753327,0.47569671863057444,0.43159632250413715,4.421899340310354,4.419457119540021,0.9415059853723691,5.7653402353625705,0,False
topology_462_t06,462,6,18,14,15,784.8133529003403,49.92620006576146,0.06361538049939544,0.004321852956364422,4.371994355337993,4.371907790509292,0.9569827400642611,5.009001945638292,0,False
topology_462_t06,462,6,19,14,16,436.97228213870494,68.6344283245352,0.15706815084154255,0.029267376755797405,7.250912941237772,7.250486517102389,0.9555238171695148,8.394723853056089,0,False
topology_462_t06,462,6,20,15,16,974.3093733186109,81.40861377326583,0.08355519920328656,0.007617994349284912,5.259174350249009,5.259080772997215,0.9683567622639768,5.772264792049543,0,False
topology_462_t06,462,6,21,15,28,391.73354864515943,166.52025336730432,0.42508550504093257,0.3143035845856869,1.886890342589021,1.885002862968795,0.9574040583810876,3.161380650189952,0,False
topology_462_t06,462,6,22,15,37,760.2458709735571,36.19281907728013,0.047606728900654545,0.002379689887985365,5.598706428825042,5.598640678492555,0.9505428730124924,6.256322645722063,0,False
topology_462_t06,462,6,23,16,17,282.5071792846604,263.3094015926602,0.9320449917746829,12.783573858337434,3.9932459353335186,3.944696305958288,0.9569658581767934,5.714562832062352,0,False
topology_462_t06,462,6,24,16,18,776.9669149707504,30.74243107620204,0.039567233152211334,0.0016300630230055091,6.1939532933456585,6.193900270114706,0.9461802232144993,6.837428315345336,0,False
topology_462_t06,462,6,25,17,18,834.6844887005743,88.79263954405623,0.10637868649300938,0.012663557559484565,2.7109272492246106,2.7107846297729927,0.9568596152469053,3.309813372691641,0,False
topology_462_t06,462,6,26,17,19,278.9181983384308,129.81794073055835,0.465433741878116,0.4052417540152193,3.528135456696527,3.525013840749342,0.954406842457987,5.317654130908235,0,False
topology_462_t06,462,6,27,17,30,154.74109095528343,177.1325583561522,1.1447027887850383,198.00499999999982,35.62177843643841,4.571424672690979,0.9553681063444318,7.802628465512165,0,False
topology_462_t06,462,6,28,17,23,449.47282491693636,542.6673830737038,1.2,198.00499999999982,39.664848334753124,2.8221074414927303,0.9454072009500477,3.9345217461671034,1,False
topology_462_t06,462,6,29,18,19,235.14448384920456,66.14828952065292,0.28130912721334794,0.11010968421888842,5.937111320163515,5.935446731630436,0.9875656259987371,8.061798971815854,0,False
topology_462_t06,462,6,30,18,20,288.1927545348798,98.06680919240121,0.3402820079591288,0.17551718512707015,3.7703499619315712,3.768560190381212,0.996071027408291,5.503510122786557,0,False
topology_462_t06,462,6,31,19,33,844.4022530489698,278.7419080383578,0.3301055948534905,0.16266698589570183,2.6735039137444265,2.6729203381097455,0.9826901432454663,3.265055186393959,0,False
topology_462_t06,462,6,32,19,25,649.6494236558382,167.45164641603006,0.25775693830945373,0.08951062350834467,2.989027689706826,2.9884931436129287,0.9885353965765363,3.758139019978522,0,False
topology_462_t06,462,6,33,19,27,533.5494701077831,121.04769168853817,0.22687248037953284,0.0665752040217492,3.5556409332506727,3.5550909417300325,0.9553763013762556,4.492211167712066,0,False
topology_462_t06,462,6,34,20,21,696.9189117200689,58.4458063974047,0.0838631373241893,0.0076768287451223095,4.913031920513903,4.912900570991699,0.9598490076771349,5.63034415243498,0,False
topology_462_t06,462,6,35,20,22,528.9183879526738,51.06587454414782,0.09654773913573421,0.01031760762135304,5.585912095135058,5.585710050076328,0.9650195581864678,6.531035475300037,0,False
topology_462_t06,462,6,36,21,22,737.1745918880516,3.4525021763999018,0.0046834253572920264,2.2037684929741913e-05,4.523013880144007,4.52300749703871,0.9497905611961392,5.2012728706721125,0,False
topology_462_t06,462,6,37,21,23,511.48602307379736,129.3425113650617,0.2528759448552911,0.08558986027303135,1.8004980888434319,1.799836358532417,0.9486196494898088,2.7773801768272524,0,False
topology_462_t06,462,6,38,22,23,917.6686316363276,111.69427717075958,0.12171526117395289,0.016867655952266,3.3381110794420557,3.3379600631466864,0.9988762458146112,3.8828190490187784,0,False
topology_462_t06,462,6,39,22,24,178.2627848048726,0.0,0.0,1.000001000001e-12,5.576277703914149,5.576277698304448,0.9631771545946513,8.381125611722286,0,False
topology_462_t06,462,6,40,23,24,697.9704501842481,567.5326625788377,0.8131184671629325,3.537865039976047,2.5088458238639113,2.5026120592310526,0.9646057658347074,3.2189747646550595,0,False
topology_462_t06,462,6,41,24,25,163.83927750945526,387.8362723707782,1.2,198.00499999999982,42.00238291191924,4.387777946461453,0.9485273040017604,7.439549216455882,1,False
topology_462_t06,462,6,42,24,26,407.81054510308013,307.45645046019985,0.7539198143649907,2.3097962358302024,3.946084003362379,3.938571406920272,0.9938309675713546,5.164630924026721,0,False
topology_462_t06,462,6,43,25,27,806.0503516211406,224.82017174400684,0.2789157914165599,0.10788479039688197,1.6344065505529426,1.6339266790647216,0.9420362416742302,2.254235322308152,0,False
topology_462_t06,462,6,44,25,29,910.6624541302035,69.12979301630074,0.07591154406637785,0.006235942550239534,5.42266559627643,5.422575389980734,0.9907626894126476,5.971626246016698,0,False
topology_462_t06,462,6,45,25,38,846.992280567397,136.08933891966663,0.16067364725980843,0.030758024979778684,4.0014409883560855,4.001214974876823,0.9864887750388566,4.591539127140704,0,False
topology_462_t06,462,6,46,26,27,399.92146941082905,92.02476559089565,0.2301070900906322,0.06877485456543761,4.094367244797115,4.093619893210574,0.9691850644511771,5.343865349491299,0,False
topology_462_t06,462,6,47,26,36,405.9455376162782,276.23389705658917,0.6804703376680555,1.449129564581854,3.0001837066131314,2.994937682935288,0.9501726177503664,4.226630000422042,0,False
topology_462_t06,462,6,48,27,28,177.4079664961693,285.62344199020225,1.2,198.00499999999982,40.133992650729944,2.612284285935069,0.9613499828339247,5.430647011550304,1,False
topology_462_t06,462,6,49,27,29,960.0882209304324,34.876254998150564,0.03632609403784955,0.0013693274248504114,5.440021786723427,5.4399825242674975,0.981348204810184,5.96076799908089,0,False
topology_462_t06,462,6,50,28,29,147.52994179428038,9.347036583231647,0.06335687840415066,0.004285617380373363,3.64166135749403,3.641202857375601,0.9508847515767354,7.030345386132327,0,False
topology_462_t06,462,6,51,28,30,933.0278418091989,103.72353149052554,0.1111687420703322,0.013904201841738064,3.6240206662466767,3.6238866156446394,0.9890321641125113,4.1597763046709275,0,False
topology_462_t06,462,6,52,29,30,411.4361355692942,23.654321246886916,0.05749208492384123,0.003506962409565639,4.912997469842653,4.912849210995021,0.9563725410027549,6.128104646223534,0,False
topology_462_t06,462,6,53,30,32,651.3685647839569,166.08191371397706,0.2549737931689448,0.0872608702980862,2.4189281928707222,2.418402784243457,0.9591649493479909,3.1860173530641642,0,False
topology_462_t06,462,6,54,31,32,930.5317528671179,23.088427382694384,0.024812079019931592,0.0006313032104341582,7.888323816830801,7.8882964739893,0.9948034822341632,8.425623651121535,0,False
topology_462_t06,462,6,55,31,33,960.7224710309384,127.47584736385043,0.1326874838547888,0.02029945151715893,5.631151241326192,5.630991999776228,0.9704548030729981,6.151433662250779,0,False
topology_462_t06,462,6,56,32,33,879.6709246413344,22.92409641234962,0.026059854623132386,0.000697287226738158,6.349940882522987,6.34991046530548,0.9682644051959106,6.918304834147287,0,False
topology_462_t06,462,6,57,32,34,708.4387926115686,41.50651027466338,0.0585887033679437,0.0036462661693324873,2.958276417546833,2.9581885694925107,0.9763746472115434,3.663965843710957,0,False
topology_462_t06,462,6,58,33,34,175.0184903667092,2.7996459315889815,0.015996286596479014,0.00026004087321138206,5.565640616048506,5.565547732562678,0.9583044928360857,8.42238873806084,0,False
topology_462_t06,462,6,59,33,35,710.6729966043911,66.902850311375,0.09414013284736873,0.009783372609691941,4.781351367203568,4.781205134680377,0.9526677940790381,5.484763596010707,0,False
topology_462_t06,462,6,60,33,38,884.3330034054281,15.532969813056901,0.01756461621724154,0.00031403158716767596,5.820372650908414,5.820352433809498,0.9400001551434191,6.385750307771658,0,False
topology_462_t06,462,6,61,34,35,190.5956874685175,3.8798419558876085,0.02035639949371089,0.0004229936276145691,6.980230838748897,6.980121815331855,0.9521696001153351,9.603476029904993,0,False
topology_462_t06,462,6,62,34,36,261.0742572089472,96.86596185186454,0.37102839202694426,0.21886849254409763,3.299576725971218,3.2973172275017886,0.9441788159540778,5.212481155747046,0,False
topology_462_t06,462,6,63,35,36,626.6592114735337,39.56623217420017,0.06313835566409959,0.004255112780064932,5.088183546837077,5.088076002788876,0.9572569464874533,5.8859578352832775,0,False
topology_462_t06,462,6,64,35,37,495.6765320775072,9.118663730247007,0.018396399950645948,0.00034477005904125696,7.2153384399348655,7.215300630660476,0.959386425031529,8.224022988171274,0,False
topology_462_t06,462,6,65,36,37,781.8234832545287,78.07862630965714,0.09986733320497874,0.011080015879198636,4.373321281143396,4.373179372705673,0.9752511100826408,5.012709919829468,0,False
topology_462_t06,462,6,66,36,38,727.2067132669448,34.319312479021086,0.04719333836295742,0.0023375268829606607,2.1380971818295804,2.1380290707074714,0.9598905343658651,2.825591480237179,0,False
topology_462_t06,462,6,67,37,38,219.3519221613546,35.308485571620956,0.1609672950376434,0.030881358877301708,3.099731668053752,3.098857052267282,0.9610590169210946,5.378299124501331,0,False
topology_462_t07,462,7,0,0,9,592.9119165132953,73.10705044862513,0.12330170538406744,0.0173415536952535,2.7051235858949023,2.7048863782167256,0.9972632182842922,3.548181960704463,0,False
topology_462_t07,462,7,1,0,23,92.46075671140883,49.809418076008086,0.5387087435534913,0.6291190355883834,8.208486920468234,8.195856396766303,0.9797675058862381,13.603556028304192,0,True
topology_462_t07,462,7,2,1,2,910.7428925873426,194.7483773484402,0.21383463865984914,0.058162385344530915,2.442879254328063,2.4425806003103174,0.944486476096452,2.9915829631830517,0,False
topology_462_t07,462,7,3,1,12,132.76620679864016,105.56707413692243,0.7951351227276585,3.086131072407532,4.9031526154554435,4.87391877433937,0.9465087925153663,8.639937342289608,0,False
topology_462_t07,462,7,4,1,27,78.60913329269306,318.06067633684916,1.2,198.00499999999982,48.44944699543697,9.517934540528694,0.9859756692617863,15.878518598087263,1,True
topology_462_t07,462,7,5,2,3,974.8636757250107,180.83034347393422,0.1854929545297191,0.04224350958228742,2.7419732165018464,2.7417396079781287,0.9869939450781644,3.2546318332712167,0,False
topology_462_t07,462,7,6,3,10,639.4647333950521,170.65070648617447,0.2668649224487395,0.09714019832667506,3.625332700253622,3.6247634661711685,0.9935143544718396,4.406667414721068,0,False
topology_462_t07,462,7,7,3,4,293.426766893204,190.3392644887389,0.648677237267911,1.1977082124633325,1.9861490096506393,1.9798565181057106,0.9947165647974934,3.683859207751201,0,False
topology_462_t07,462,7,8,4,6,411.8432296828302,117.78133847940927,0.2859858557590357,0.11454662397643807,3.375826415036775,3.3748538787635822,0.9670626418382721,4.5889080721154105,0,False
topology_462_t07,462,7,9,4,20,65.45075309570458,135.8347901967736,1.2,198.00499999999982,47.251194044804706,7.810740106726831,0.9679555621975716,15.450071609435149,1,True
topology_462_t07,462,7,10,5,9,962.1762351853553,118.8088735718398,0.12347932657986742,0.01739507641402693,0.7363074340810779,0.7361610218149646,0.98696874129807,1.2558163424472384,0,False
topology_462_t07,462,7,11,7,8,982.8140036184217,112.43392761220224,0.11440000569614879,0.014777960012936242,4.6070145339618,4.606883097123055,0.9818789614608132,5.1156263569455165,0,False
topology_462_t07,462,7,12,8,9,688.2491406110404,204.4681616289281,0.29708451426092225,0.1255616221356232,1.619175845718099,1.6185617568490285,0.988782453628049,2.345042867390032,0,False
topology_462_t07,462,7,13,9,10,386.0464023049756,453.27735397502477,1.1741525144869422,198.00499999999982,37.6482727556197,3.834488943498535,0.9885810799965605,5.129670033167132,1,False
topology_462_t07,462,7,14,9,24,76.74369747728582,705.1269505444848,1.2,198.00499999999982,42.691315511082074,3.698268700184053,0.971517016743571,10.213461692390185,1,True
topology_462_t07,462,7,15,10,11,461.732363987649,276.0440672467026,0.5978443115026837,0.888754855443262,4.334077773065425,4.330858160833553,0.9552675755403913,5.413736553159923,0,False
topology_462_t07,462,7,16,11,12,346.05607673481467,71.4611152719693,0.20650154722389252,0.05374035558188237,3.7135906881952163,3.7128386658488344,0.995992012277572,5.157691201650868,0,False
topology_462_t07,462,7,17,11,13,371.5032859257024,161.70720856346682,0.4352780034247313,0.3355047995552398,4.421531886661016,4.419457119540021,0.9415059853723691,5.7653402353625705,0,False
topology_462_t07,462,7,18,14,15,784.8133529003403,50.087892324421276,0.06382140688523899,0.004350849300302172,4.371994654801208,4.371907790509292,0.9569827400642611,5.009001945638292,0,False
topology_462_t07,462,7,19,14,16,436.97228213870494,57.24599555928901,0.1310060109055563,0.01974993510745847,7.250831518266479,7.250486517102389,0.9555238171695148,8.394723853056089,0,False
topology_462_t07,462,7,20,15,16,974.3093733186109,58.19934049915151,0.059733942927099014,0.003794823721198388,5.259145976892802,5.259080772997215,0.9683567622639768,5.772264792049543,0,False
topology_462_t07,462,7,21,15,28,391.73354864515943,133.12662607906952,0.3398397368300422,0.17494395402435672,1.8863169799052555,1.885002862968795,0.9574040583810876,3.161380650189952,0,False
topology_462_t07,462,7,22,15,37,760.2458709735571,53.899187240553445,0.0708970469928776,0.005409940045978698,5.598741049951253,5.598640678492555,0.9505428730124924,6.256322645722063,0,False
topology_462_t07,462,7,23,16,17,282.5071792846604,141.54567049180545,0.5010338882368045,0.5031102338285239,3.948250708096343,3.944696305958288,0.9569658581767934,5.714562832062352,0,False
topology_462_t07,462,7,24,16,18,776.9669149707504,37.427920059280304,0.04817183246559387,0.0024379667698890225,6.193965407765049,6.193900270114706,0.9461802232144993,6.837428315345336,0,False
topology_462_t07,462,7,25,17,18,834.6844887005743,89.79668076368223,0.10758158559227153,0.012969025931886927,2.7109290563355515,2.7107846297729927,0.9568596152469053,3.309813372691641,0,False
topology_462_t07,462,7,26,17,19,278.9181983384308,89.8908109107059,0.32228377870717184,0.15326006779007648,3.5267187988672783,3.525013840749342,0.954406842457987,5.317654130908235,0,False
topology_462_t07,462,7,27,17,30,154.74109095528343,141.3207278773869,0.9132721438433267,9.617048612540946,4.6394758974262835,4.571424672690979,0.9553681063444318,7.802628465512165,1,False
topology_462_t07,462,7,28,17,23,449.47282491693636,323.4557755776201,0.7196336633641767,1.8471283523586006,2.8278180470586998,2.8221074414927303,0.9454072009500477,3.9345217461671034,0,False
topology_462_t07,462,7,29,18,19,235.14448384920456,64.4223675776245,0.2739692912334606,0.1033829170483484,5.937051499057274,5.935446731630436,0.9875656259987371,8.061798971815854,0,False
topology_462_t07,462,7,30,18,20,288.1927545348798,119.85891796653634,0.41589844324844016,0.29613260416295595,3.771030866816366,3.768560190381212,0.996071027408291,5.503510122786557,0,False
topology_462_t07,462,7,31,19,33,844.4022530489698,213.7484152202143,0.25313577083482547,0.08579567205644013,2.673321724346776,2.6729203381097455,0.9826901432454663,3.265055186393959,0,False
topology_462_t07,462,7,32,19,25,649.6494236558382,137.4606321945591,0.2115920174622998,0.05678681957234662,2.988906256943384,2.9884931436129287,0.9885353965765363,3.758139019978522,0,False
topology_462_t07,462,7,33,19,27,533.5494701077831,94.57961874811666,0.17726494738905932,0.03819317224071815,3.555494762053547,3.5550909417300325,0.9553763013762556,4.492211167712066,0,False
topology_462_t07,462,7,34,20,21,696.9189117200689,53.94477108826131,0.07740465953940032,0.006494159525474374,4.913020956330157,4.912900570991699,0.9598490076771349,5.63034415243498,0,False
topology_462_t07,462,7,35,20,22,528.9183879526738,18.074550259346534,0.03417266381928812,0.0012090887353881923,5.585776944616885,5.585710050076328,0.9650195581864678,6.531035475300037,0,False
topology_462_t07,462,7,36,21,22,737.1745918880516,1.8635655407009868,0.0025279839555077755,6.406899418238598e-06,4.5230109350178305,4.52300749703871,0.9497905611961392,5.2012728706721125,0,False
topology_462_t07,462,7,37,21,23,511.48602307379736,149.6249385377061,0.2925298674605585,0.12095736543580682,1.8006447623093405,1.799836358532417,0.9486196494898088,2.7773801768272524,0,False
topology_462_t07,462,7,38,22,23,917.6686316363276,92.84861782481386,0.10117880749530708,0.0113895301663339,3.338082730887286,3.3379600631466864,0.9988762458146112,3.8828190490187784,0,False
topology_462_t07,462,7,39,22,24,178.2627848048726,0.0,0.0,1.000001000001e-12,5.576277703914149,5.576277698304448,0.9631771545946513,8.381125611722286,0,False
topology_462_t07,462,7,40,23,24,697.9704501842481,395.6848928807499,0.5669078007189248,0.74206936779157,2.5044874640825974,2.5026120592310526,0.9646057658347074,3.2189747646550595,0,False
topology_462_t07,462,7,41,24,25,163.83927750945526,294.88713377132984,1.2,198.00499999999982,42.00238291191924,4.387777946461453,0.9485273040017604,7.439549216455882,1,False
topology_462_t07,462,7,42,24,26,407.81054510308013,245.98417590316225,0.6031824798473177,0.9168675411679662,3.9422987505097593,3.938571406920272,0.9938309675713546,5.164630924026721,0,False
topology_462_t07,462,7,43,25,27,806.0503516211406,159.82920628110608,0.19828687619781465,0.04904208763082282,1.6342335196526963,1.6339266790647216,0.9420362416742302,2.254235322308152,0,False
topology_462_t07,462,7,44,25,29,910.6624541302035,65.11668873472655,0.07150474738405804,0.005506682865693489,5.42265995636414,5.422575389980734,0.9907626894126476,5.971626246016698,0,False
topology_462_t07,462,7,45,25,38,846.992280567397,121.47997304257954,0.14342512420679981,0.024015140806794198,4.001412662941821,4.001214974876823,0.9864887750388566,4.591539127140704,0,False
topology_462_t07,462,7,46,26,27,399.92146941082905,62.58440093132897,0.15649172579689044,0.02903310019812828,4.094083796352029,4.093619893210574,0.9691850644511771,5.343865349491299,0,False
topology_462_t07,462,7,47,26,36,405.9455376162782,223.8576232018073,0.5514474294170212,0.6779456575522744,2.9979661509760707,2.994937682935288,0.9501726177503664,4.226630000422042,0,False
topology_462_t07,462,7,48,27,28,177.4079664961693,218.67203982033547,1.2,198.00499999999982,40.133992650729944,2.612284285935069,0.9613499828339247,5.430647011550304,1,False
topology_462_t07,462,7,49,27,29,960.0882209304324,29.091012345657887,0.03030035335447138,0.0009467997813362496,5.4400150703944625,5.4399825242674975,0.981348204810184,5.96076799908089,0,False
topology_462_t07,462,7,50,28,29,147.52994179428038,11.930641722935981,0.08086929051712351,0.007115247136527931,3.641799241652471,3.641202857375601,0.9508847515767354,7.030345386132327,0,False
topology_462_t07,462,7,51,28,30,933.0278418091989,107.3195351894065,0.11502286467819359,0.01494983188912229,3.6240259177005303,3.6238866156446394,0.9890321641125113,4.1597763046709275,0,False
topology_462_t07,462,7,52,29,30,411.4361355692942,18.469438355469432,0.04489017069420438,0.002109838432318789,4.912963445028114,4.912849210995021,0.9563725410027549,6.128104646223534,0,False
topology_462_t07,462,7,53,30,32,651.3685647839569,148.01375656487733,0.22723503185016286,0.06681948823789394,2.418854225310751,2.418402784243457,0.9591649493479909,3.1860173530641642,0,False
topology_462_t07,462,7,54,31,32,930.5317528671179,21.258162951207296,0.022845177379178603,0.000534103826133041,7.888321598635646,7.8882964739893,0.9948034822341632,8.425623651121535,0,False
topology_462_t07,462,7,55,31,33,960.7224710309384,93.99952799717066,0.09784254124534114,0.010611410219410155,5.631104887685832,5.630991999776228,0.9704548030729981,6.151433662250779,0,False
topology_462_t07,462,7,56,32,33,879.6709246413344,11.782522582841992,0.013394238973677622,0.00018184126301609753,6.349925898440595,6.34991046530548,0.9682644051959106,6.918304834147287,0,False
topology_462_t07,462,7,57,32,34,708.4387926115686,47.540291924829965,0.0671057153005114,0.004827103241868279,2.9582901065897063,2.9581885694925107,0.9763746472115434,3.663965843710957,0,False
topology_462_t07,462,7,58,33,34,175.0184903667092,4.041571348990289,0.023092253512883968,0.0005458572462147375,5.565682793210896,5.565547732562678,0.9583044928360857,8.42238873806084,0,False
topology_462_t07,462,7,59,33,35,710.6729966043911,59.609129066695004,0.08387701425480994,0.0076794858657311315,4.7813339653810765,4.781205134680377,0.9526677940790381,5.484763596010707,0,False
topology_462_t07,462,7,60,33,38,884.3330034054281,13.942531713381596,0.01576615557679187,0.00025255345879441504,5.820370547697563,5.820352433809498,0.9400001551434191,6.385750307771658,0,False
topology_462_t07,462,7,61,34,35,190.5956874685175,3.917588874321981,0.02055444656883481,0.00043135146437803197,6.980231921695288,6.980121815331855,0.9521696001153351,9.603476029904993,0,False
topology_462_t07,462,7,62,34,36,261.0742572089472,91.93793411683082,0.35215243011588676,0.19142054366076824,3.299399290205281,3.2973172275017886,0.9441788159540778,5.212481155747046,0,False
topology_462_t07,462,7,63,35,36,626.6592114735337,42.00822631814482,0.0670352011891219,0.004816599944814183,5.08819066128239,5.088076002788876,0.9572569464874533,5.8859578352832775,0,False
topology_462_t07,462,7,64,35,37,495.6765320775072,11.95848004208674,0.024125572360599135,0.0005964325175877832,7.215350505938562,7.215300630660476,0.959386425031529,8.224022988171274,0,False
topology_462_t07,462,7,65,36,37,781.8234832545287,76.85527632698408,0.09830259383749318,0.010716898916572444,4.373318815297369,4.373179372705673,0.9752511100826408,5.012709919829468,0,False
topology_462_t07,462,7,66,36,38,727.2067132669448,33.421314284189855,0.045958478757774444,0.0022139306546937326,2.1380953137832486,2.1380290707074714,0.9598905343658651,2.825591480237179,0,False
topology_462_t07,462,7,67,37,38,219.3519221613546,37.43630457239345,0.1706677753425631,0.03512161794076067,3.099795222269421,3.098857052267282,0.9610590169210946,5.378299124501331,0,False
topology_462_t08,462,8,0,0,9,592.9119165132953,81.75198612991457,0.13788217752591145,0.022052084278606086,2.705156121929662,2.7048863782167256,0.9972632182842922,3.548181960704463,0,False
topology_462_t08,462,8,1,0,23,92.46075671140883,52.80364560569483,0.5710925097715465,0.7604125881397991,8.210257156021035,8.195856396766303,0.9797675058862381,13.603556028304192,0,True
topology_462_t08,462,8,2,1,2,910.7428925873426,189.5373455156876,0.20811290108147673,0.05469337694186221,2.442869162845543,2.4425806003103174,0.944486476096452,2.9915829631830517,0,False
topology_462_t08,462,8,3,1,12,132.76620679864016,106.33966866955541,0.8009543334384438,3.2230183923920044,4.904227486344176,4.87391877433937,0.9465087925153663,8.639937342289608,0,False
topology_462_t08,462,8,4,1,27,78.60913329269306,304.78886821763604,1.2,198.00499999999982,48.44944699543697,9.517934540528694,0.9859756692617863,15.878518598087263,1,True
topology_462_t08,462,8,5,2,3,974.8636757250107,171.8692846580157,0.17630083973556168,0.03773463369986406,2.7419591622386528,2.7417396079781287,0.9869939450781644,3.2546318332712167,0,False
topology_462_t08,462,8,6,3,10,639.4647333950521,167.39125199569875,0.2617677617762962,0.09281951878753858,3.625317972560725,3.6247634661711685,0.9935143544718396,4.406667414721068,0,False
topology_462_t08,462,8,7,3,4,293.426766893204,180.0976938758089,0.6137739095266571,0.9753831274162406,1.9852723738361502,1.9798565181057106,0.9947165647974934,3.683859207751201,0,False
topology_462_t08,462,8,8,4,6,411.8432296828302,114.11915629870764,0.2770936804924373,0.1062114214482831,3.375784585096271,3.3748538787635822,0.9670626418382721,4.5889080721154105,0,False
topology_462_t08,462,8,9,4,20,65.45075309570458,151.76799186782247,1.2,198.00499999999982,47.251194044804706,7.810740106726831,0.9679555621975716,15.450071609435149,1,True
topology_462_t08,462,8,10,5,9,962.1762351853553,121.43192950249227,0.12620549652122662,0.018228344637963575,0.73631113344304,0.7361610218149646,0.98696874129807,1.2558163424472384,0,False
topology_462_t08,462,8,11,7,8,982.8140036184217,127.14730470602,0.12937066854756074,0.019223760647394544,4.607034289951655,4.606883097123055,0.9818789614608132,5.1156263569455165,0,False
topology_462_t08,462,8,12,8,9,688.2491406110404,237.93429298522798,0.3457095388073939,0.18266365217150682,1.6193294631341533,1.6185617568490285,0.988782453628049,2.345042867390032,0,False
topology_462_t08,462,8,13,9,10,386.0464023049756,468.91226535579096,1.2,198.00499999999982,40.74997101718663,3.834488943498535,0.9885810799965605,5.129670033167132,1,False
topology_462_t08,462,8,14,9,24,76.74369747728582,750.9146094120183,1.2,198.00499999999982,42.691315511082074,3.698268700184053,0.971517016743571,10.213461692390185,1,True
topology_462_t08,462,8,15,10,11,461.732363987649,261.740864357021,0.5668670528020912,0.7418928936978365,4.333692616567167,4.330858160833553,0.9552675755403913,5.413736553159923,0,False
topology_462_t08,462,8,16,11,12,346.05607673481467,84.0288350898502,0.2428185509201219,0.07786884998648166,3.7137653578576337,3.7128386658488344,0.995992012277572,5.157691201650868,0,False
topology_462_t08,462,8,17,11,13,371.5032859257024,154.17355912522223,0.4149991802658124,0.2944001338315243,4.42136665665846,4.419457119540021,0.9415059853723691,5.7653402353625705,0,False
topology_462_t08,462,8,18,14,15,784.8133529003403,47.601422813752784,0.06065317650093227,0.003916346686466326,4.371990064240936,4.371907790509292,0.9569827400642611,5.009001945638292,0,False
topology_462_t08,462,8,19,14,16,436.97228213870494,71.79371385798814,0.16429809576617305,0.032300828962617475,7.250936428762155,7.250486517102389,0.9555238171695148,8.394723853056089,0,False
topology_462_t08,462,8,20,15,16,974.3093733186109,66.56848636442774,0.06832376674945427,0.005010471380757526,5.259156040915331,5.259080772997215,0.9683567622639768,5.772264792049543,0,False
topology_462_t08,462,8,21,15,28,391.73354864515943,135.67102691186645,0.34633497023958026,0.18350057927194616,1.8863554036213481,1.885002862968795,0.9574040583810876,3.161380650189952,0,False
topology_462_t08,462,8,22,15,37,760.2458709735571,59.607715174362625,0.07840583875586206,0.006670480141401117,5.598752584814109,5.598640678492555,0.9505428730124924,6.256322645722063,0,False
topology_462_t08,462,8,23,16,17,282.5071792846604,176.6641632596996,0.6253439778310516,1.0437709991839375,3.9506045274103636,3.944696305958288,0.9569658581767934,5.714562832062352,0,False
topology_462_t08,462,8,24,16,18,776.9669149707504,35.39915791573247,0.045560701792643384,0.0021748659676282577,6.193961708467923,6.193900270114706,0.9461802232144993,6.837428315345336,0,False
topology_462_t08,462,8,25,17,18,834.6844887005743,90.40597758544493,0.1083115582106812,0.013156381861903267,2.710930155347886,2.7107846297729927,0.9568596152469053,3.309813372691641,0,False
topology_462_t08,462,8,26,17,19,278.9181983384308,92.11319244492448,0.3302516400638626,0.1628464544135216,3.5267817357716638,3.525013840749342,0.954406842457987,5.317654130908235,0,False
topology_462_t08,462,8,27,17,30,154.74109095528343,169.95220465326582,1.09830041654791,198.00499999999982,30.05349376798302,4.571424672690979,0.9553681063444318,7.802628465512165,1,False
topology_462_t08,462,8,28,17,23,449.47282491693636,407.9612519686942,0.9076438648856834,8.920007148901538,2.8439722806308994,2.8221074414927303,0.9454072009500477,3.9345217461671034,0,False
topology_462_t08,462,8,29,18,19,235.14448384920456,75.89379280318532,0.3227538726864421,0.1538141867969168,5.937473434752203,5.935446731630436,0.9875656259987371,8.061798971815854,0,False
topology_462_t08,462,8,30,18,20,288.1927545348798,122.11949428963135,0.4237424167263418,0.3115926643655304,3.771111729479683,3.768560190381212,0.996071027408291,5.503510122786557,0,False
topology_462_t08,462,8,31,19,33,844.4022530489698,236.30828267342045,0.27985273821825785,0.10875213896458967,2.673380551089732,2.6729203381097455,0.9826901432454663,3.265055186393959,0,False
topology_462_t08,462,8,32,19,25,649.6494236558382,134.49589893708716,0.20702842801002536,0.05405082794676041,2.988895020758432,2.9884931436129287,0.9885353965765363,3.758139019978522,0,False
topology_462_t08,462,8,33,19,27,533.5494701077831,105.92063717653919,0.19852074289407878,0.049172183821107364,3.5555551778329475,3.5550909417300325,0.9553763013762556,4.492211167712066,0,False
topology_462_t08,462,8,34,20,21,696.9189117200689,64.43881848981324,0.09246243344261026,0.00942032805381231,4.91304676125829,4.912900570991699,0.9598490076771349,5.63034415243498,0,False
topology_462_t08,462,8,35,20,22,528.9183879526738,24.53374650022468,0.04638474868531115,0.0022561980920851217,5.585802013123719,5.585710050076328,0.9650195581864678,6.531035475300037,0,False
topology_462_t08,462,8,36,21,22,737.1745918880516,2.3334325067184185,0.003165372942035388,1.0051402299036651e-05,4.523011804599469,4.52300749703871,0.9497905611961392,5.2012728706721125,0,False
topology_462_t08,462,8,37,21,23,511.48602307379736,140.9734697329769,0.2756154877620912,0.10486681563587423,1.8005802347797315,1.799836358532417,0.9486196494898088,2.7773801768272524,0,False
topology_462_t08,462,8,38,22,23,917.6686316363276,95.389906853928,0.10394809582172909,0.01205868384920441,3.338086477819338,3.3379600631466864,0.9988762458146112,3.8828190490187784,0,False
topology_462_t08,462,8,39,22,24,178.2627848048726,0.0,0.0,1.000001000001e-12,5.576277703914149,5.576277698304448,0.9631771545946513,8.381125611722286,0,False
topology_462_t08,462,8,40,23,24,697.9704501842481,422.48017194688396,0.6052980779277388,0.9282593842447462,2.5048092259761026,2.5026120592310526,0.9646057658347074,3.2189747646550595,0,False
topology_462_t08,462,8,41,24,25,163.83927750945526,282.37672197969863,1.2,198.00499999999982,42.00238291191924,4.387777946461453,0.9485273040017604,7.439549216455882,1,False
topology_462_t08,462,8,42,24,26,407.81054510308013,254.54257892115706,0.6241687027902079,1.0365995925170128,3.9426438084686124,3.938571406920272,0.9938309675713546,5.164630924026721,0,False
topology_462_t08,462,8,43,25,27,806.0503516211406,157.32646481771172,0.1951819318747202,0.047334904668688185,1.6342275496444014,1.6339266790647216,0.9420362416742302,2.254235322308152,0,False
topology_462_t08,462,8,44,25,29,910.6624541302035,49.532711071569615,0.05439195483125473,0.003128658608057113,5.422638553464831,5.422575389980734,0.9907626894126476,5.971626246016698,0,False
topology_462_t08,462,8,45,25,38,846.992280567397,119.37383606161245,0.1409385171511178,0.023122519183240056,4.00140867326121,4.001214974876823,0.9864887750388566,4.591539127140704,0,False
topology_462_t08,462,8,46,26,27,399.92146941082905,66.23322207173274,0.16561556990003218,0.03287275745309176,4.0941162114693705,4.093619893210574,0.9691850644511771,5.343865349491299,0,False
topology_462_t08,462,8,47,26,36,405.9455376162782,238.17638721977428,0.5867200526906926,0.8329473096156111,2.9984348697023666,2.994937682935288,0.9501726177503664,4.226630000422042,0,False
topology_462_t08,462,8,48,27,28,177.4079664961693,220.44635287268136,1.2,198.00499999999982,40.133992650729944,2.612284285935069,0.9613499828339247,5.430647011550304,1,False
topology_462_t08,462,8,49,27,29,960.0882209304324,38.83389241559097,0.040448254201011447,0.0017050266179728987,5.44002642990023,5.4399825242674975,0.981348204810184,5.96076799908089,0,False
topology_462_t08,462,8,50,28,29,147.52994179428038,13.271215967580076,0.08995608488808196,0.008891985402041433,3.6418728777734124,3.641202857375601,0.9508847515767354,7.030345386132327,0,False
topology_462_t08,462,8,51,28,30,933.0278418091989,100.19027497005989,0.10738187059432731,0.012918028160613762,3.6240155505953067,3.6238866156446394,0.9890321641125113,4.1597763046709275,0,False
topology_462_t08,462,8,52,29,30,411.4361355692942,16.788224775580073,0.040803962812723325,0.0017357905127552513,4.912952604327905,4.912849210995021,0.9563725410027549,6.128104646223534,0,False
topology_462_t08,462,8,53,30,32,651.3685647839569,168.91960679474315,0.25933030227022036,0.09079918603622913,2.4189403132358525,2.418402784243457,0.9591649493479909,3.1860173530641642,0,False
topology_462_t08,462,8,54,31,32,930.5317528671179,16.911850622602607,0.018174393910250216,0.00033642287587144705,7.88831636671916,7.8882964739893,0.9948034822341632,8.425623651121535,0,False
topology_462_t08,462,8,55,31,33,960.7224710309384,97.44176962204781,0.10142551315312148,0.011448282662099437,5.631109488228116,5.630991999776228,0.9704548030729981,6.151433662250779,0,False
topology_462_t08,462,8,56,32,33,879.6709246413344,21.056600256708744,0.023936906025732393,0.0005870270821855798,6.349938343836441,6.34991046530548,0.9682644051959106,6.918304834147287,0,False
topology_462_t08,462,8,57,32,34,708.4387926115686,42.11165986982088,0.05944290503147302,0.0037567724250689508,2.958277779284684,2.9581885694925107,0.9763746472115434,3.663965843710957,0,False
topology_462_t08,462,8,58,33,34,175.0184903667092,9.33002249045366,0.05330878166589621,0.00300185123477005,5.56586947361291,5.565547732562678,0.9583044928360857,8.42238873806084,0,False
topology_462_t08,462,8,59,33,35,710.6729966043911,81.9994454754401,0.11538280737728179,0.0150496648146662,4.781388668419263,4.781205134680377,0.9526677940790381,5.484763596010707,0,False
topology_462_t08,462,8,60,33,38,884.3330034054281,14.981313523007643,0.016940805630138132,0.00029193653550240193,5.8203719205210644,5.820352433809498,0.9400001551434191,6.385750307771658,0,False
topology_462_t08,462,8,61,34,35,190.5956874685175,4.346513027459698,0.0228048865385669,0.0005321996015665044,6.980244258218418,6.980121815331855,0.9521696001153351,9.603476029904993,0,False
topology_462_t08,462,8,62,34,36,261.0742572089472,92.31960590347572,0.35361435819230924,0.1934497090159081,3.2994126622377014,3.2973172275017886,0.9441788159540778,5.212481155747046,0,False
topology_462_t08,462,8,63,35,36,626.6592114735337,51.993981103339785,0.0829701058428241,0.007506885552402213,5.088220382684262,5.088076002788876,0.9572569464874533,5.8859578352832775,0,False
topology_462_t08,462,8,64,35,37,495.6765320775072,11.530131631568752,0.02326140312361172,0.0005539792089813887,7.215348676877699,7.215300630660476,0.959386425031529,8.224022988171274,0,False
topology_462_t08,462,8,65,36,37,781.8234832545287,84.0187783736703,0.1074651506039725,0.012939280300538923,4.373333377328818,4.373179372705673,0.9752511100826408,5.012709919829468,0,False
topology_462_t08,462,8,66,36,38,727.2067132669448,31.857447119900854,0.04380796620644857,0.002007063262733368,2.1380920720915806,2.1380290707074714,0.9598905343658651,2.825591480237179,0,False
topology_462_t08,462,8,67,37,38,219.3519221613546,42.82232683259977,0.1952220268263699,0.047356713315479054,3.0999629406394997,3.098857052267282,0.9610590169210946,5.378299124501331,0,False
topology_462_t09,462,9,0,0,9,592.9119165132953,29.774399592789038,0.05021723929564736,0.00265510306862822,2.704975552242229,2.7048863782167256,0.9972632182842922,3.548181960704463,0,False
topology_462_t09,462,9,1,0,23,92.46075671140883,23.036163194478682,0.24914530243765812,0.08267029816590887,8.199445114968547,8.195856396766303,0.9797675058862381,13.603556028304192,0,True
topology_462_t09,462,9,2,1,2,910.7428925873426,76.92352046453968,0.08446238899104284,0.007792028495926468,2.442681896096689,2.4425806003103174,0.944486476096452,2.9915829631830517,0,False
topology_462_t09,462,9,3,1,12,132.76620679864016,42.77309027437783,0.3221685043638373,0.1531244060983325,4.877498698191402,4.87391877433937,0.9465087925153663,8.639937342289608,0,False
topology_462_t09,462,9,4,1,27,78.60913329269306,121.6340147334257,1.2,198.00499999999982,48.44944699543697,9.517934540528694,0.9859756692617863,15.878518598087263,1,True
topology_462_t09,462,9,5,2,3,974.8636757250107,72.10503005094982,0.07396421863531326,0.005907661181590968,2.741821539310484,2.7417396079781287,0.9869939450781644,3.2546318332712167,0,False
topology_462_t09,462,9,6,3,10,639.4647333950521,83.42516698563814,0.13046093494901034,0.019573652561281827,3.6249980914439552,3.6247634661711685,0.9935143544718396,4.406667414721068,0,False
topology_462_t09,462,9,7,3,4,293.426766893204,79.32044272776939,0.2703244955039803,0.10014771281098979,1.9811190893845259,1.9798565181057106,0.9947165647974934,3.683859207751201,0,False
topology_462_t09,462,9,8,4,6,411.8432296828302,50.115070592026875,0.12168482320474619,0.016858636386539498,3.3751902772997386,3.3748538787635822,0.9670626418382721,4.5889080721154105,0,False
topology_462_t09,462,9,9,4,20,65.45075309570458,54.859745755002045,0.8381835679535121,4.341658536788436,7.889881168666451,7.810740106726831,0.9679555621975716,15.450071609435149,0,True
topology_462_t09,462,9,10,5,9,962.1762351853553,43.53458758663081,0.045245960141848895,0.0021442139270360493,0.7362102749271657,0.7361610218149646,0.98696874129807,1.2558163424472384,0,False
topology_462_t09,462,9,11,7,8,982.8140036184217,55.496554387583714,0.0564669959761077,0.0033793429810803134,4.606943989966195,4.606883097123055,0.9818789614608132,5.1156263569455165,0,False
topology_462_t09,462,9,12,8,9,688.2491406110404,95.23414681196247,0.13837161747475896,0.02222153414499449,1.6187950926312964,1.6185617568490285,0.988782453628049,2.345042867390032,0,False
topology_462_t09,462,9,13,9,10,386.0464023049756,192.75905593725287,0.4993157682246026,0.497951044940369,3.8370722257340657,3.834488943498535,0.9885810799965605,5.129670033167132,0,False
topology_462_t09,462,9,14,9,24,76.74369747728582,301.7015851496322,1.2,198.00499999999982,42.691315511082074,3.698268700184053,0.971517016743571,10.213461692390185,1,True
topology_462_t09,462,9,15,10,11,461.732363987649,103.84154410745498,0.22489552867953752,0.06525313772720774,4.331486552276381,4.330858160833553,0.9552675755403913,5.413736553159923,0,False
topology_462_t09,462,9,16,11,12,346.05607673481467,25.656763837023142,0.07414048058079359,0.0059369815241508694,3.7130700660972003,3.7128386658488344,0.995992012277572,5.157691201650868,0,False
topology_462_t09,462,9,17,11,13,371.5032859257024,58.49012898293638,0.1574417540808345,0.029419812871225644,4.4199601071959345,4.419457119540021,0.9415059853723691,5.7653402353625705,0,False
topology_462_t09,462,9,18,14,15,784.8133529003403,19.16771653345588,0.024423280341268477,0.0006114297426417196,4.371939689444232,4.371907790509292,0.9569827400642611,5.009001945638292,0,False
topology_462_t09,462,9,19,14,16,436.97228213870494,20.74026370512638,0.04746356817786202,0.00236504371792386,7.250600548618649,7.250486517102389,0.9555238171695148,8.394723853056089,0,False
topology_462_t09,462,9,20,15,16,974.3093733186109,25.711245702197267,0.026389200808590987,0.0007152651962103299,5.259108592154812,5.259080772997215,0.9683567622639768,5.772264792049543,0,False
topology_462_t09,462,9,21,15,28,391.73354864515943,62.440475085547675,0.15939527084545824,0.03022449373256624,1.885486915879846,1.885002862968795,0.9574040583810876,3.161380650189952,0,False
topology_462_t09,462,9,22,15,37,760.2458709735571,22.557232879881386,0.029670970591389074,0.0009072865689400581,5.598680900029202,5.598640678492555,0.9505428730124924,6.256322645722063,0,False
topology_462_t09,462,9,23,16,17,282.5071792846604,63.4835264127141,0.2247147367138118,0.06513307460832962,3.945722289836135,3.944696305958288,0.9569658581767934,5.714562832062352,0,False
topology_462_t09,462,9,24,16,18,776.9669149707504,16.705310737279763,0.021500671927463796,0.0004724365976244809,6.193928550737859,6.193900270114706,0.9461802232144993,6.837428315345336,0,False
topology_462_t09,462,9,25,17,18,834.6844887005743,40.0144751936312,0.047939641547580694,0.002413932279930529,2.7108449562490553,2.7107846297729927,0.9568596152469053,3.309813372691641,0,False
topology_462_t09,462,9,26,17,19,278.9181983384308,39.29156761415621,0.14087129433727744,0.02309865965071188,3.5256017190411306,3.525013840749342,0.954406842457987,5.317654130908235,0,False
topology_462_t09,462,9,27,17,30,154.74109095528343,69.46851799775881,0.44893387767205023,0.3657303876171182,4.576689365218735,4.571424672690979,0.9553681063444318,7.802628465512165,0,False
topology_462_t09,462,9,28,17,23,449.47282491693636,145.78167666782903,0.32433924496941463,0.15569343793331317,2.8231754319390747,2.8221074414927303,0.9454072009500477,3.9345217461671034,0,False
topology_462_t09,462,9,29,18,19,235.14448384920456,25.12387060035554,0.10684439706638914,0.012781339720631823,5.935955464537238,5.935446731630436,0.9875656259987371,8.061798971815854,0,False
topology_462_t09,462,9,30,18,20,288.1927545348798,50.78859295821289,0.1762313318396281,0.03770170379425359,3.7693025165926364,3.768560190381212,0.996071027408291,5.503510122786557,0,False
topology_462_t09,462,9,31,19,33,844.4022530489698,94.84768300101452,0.11232523676782986,0.014213492753819668,2.6730701940925603,2.6729203381097455,0.9826901432454663,3.265055186393959,0,False
topology_462_t09,462,9,32,19,25,649.6494236558382,45.51609219402631,0.07006254533081702,0.0052785918381780175,2.988609115604014,2.9884931436129287,0.9885353965765363,3.758139019978522,0,False
topology_462_t09,462,9,33,19,27,533.5494701077831,42.710794820673776,0.08005029938844416,0.006965653043769304,3.5552540305480473,3.5550909417300325,0.9553763013762556,4.492211167712066,0,False
topology_462_t09,462,9,34,20,21,696.9189117200689,25.170376235999473,0.036116649746060624,0.0013532886407218963,4.912954336125284,4.912900570991699,0.9598490076771349,5.63034415243498,0,False
topology_462_t09,462,9,35,20,22,528.9183879526738,5.810388293222507,0.010985415568010854,0.00012201979333924968,5.58573105035844,5.585710050076328,0.9650195581864678,6.531035475300037,0,False
topology_462_t09,462,9,36,21,22,737.1745918880516,1.5084420399638598,0.002046248007680837,4.1957163852318684e-06,4.523010278528668,4.52300749703871,0.9497905611961392,5.2012728706721125,0,False
topology_462_t09,462,9,37,21,23,511.48602307379736,54.632719206903644,0.10681175387469233,0.012773064150003705,1.800070157331661,1.799836358532417,0.9486196494898088,2.7773801768272524,0,False
topology_462_t09,462,9,38,22,23,917.6686316363276,38.341174883180685,0.04178106732798872,0.001821773216480004,3.3380075779456466,3.3379600631466864,0.9988762458146112,3.8828190490187784,0,False
topology_462_t09,462,9,39,22,24,178.2627848048726,0.0,0.0,1.000001000001e-12,5.576277703914149,5.576277698304448,0.9631771545946513,8.381125611722286,0,False
topology_462_t09,462,9,40,23,24,697.9704501842481,162.10798875357378,0.2322562347887092,0.07026166937791069,2.5030454843195886,2.5026120592310526,0.9646057658347074,3.2189747646550595,0,False
topology_462_t09,462,9,41,24,25,163.83927750945526,119.9721007683044,0.732254820651176,2.0026396877469717,4.404470491435843,4.387777946461453,0.9485273040017604,7.439549216455882,0,False
topology_462_t09,462,9,42,24,26,407.81054510308013,103.9882420940832,0.25499154777324023,0.08727510304272652,3.939410685489514,3.938571406920272,0.9938309675713546,5.164630924026721,0,False
topology_462_t09,462,9,43,25,27,806.0503516211406,73.79017463096307,0.09154536622005703,0.009225066134006202,1.6340516966050667,1.6339266790647216,0.9420362416742302,2.254235322308152,0,False
topology_462_t09,462,9,44,25,29,910.6624541302035,25.336936400196773,0.027822533239713627,0.0007962469634835107,5.422606816312273,5.422575389980734,0.9907626894126476,5.971626246016698,0,False
topology_462_t09,462,9,45,25,38,846.992280567397,44.97252060301556,0.05309673020029018,0.002977350324873988,4.0012811786449225,4.001214974876823,0.9864887750388566,4.591539127140704,0,False
topology_462_t09,462,9,46,26,27,399.92146941082905,28.908162196525495,0.07228459687126446,0.005632183024254641,4.093814723410639,4.093619893210574,0.9691850644511771,5.343865349491299,0,False
topology_462_t09,462,9,47,26,36,405.9455376162782,95.6563867310717,0.2356384733104058,0.07264296823590341,2.995697098701641,2.994937682935288,0.9501726177503664,4.226630000422042,0,False
topology_462_t09,462,9,48,27,28,177.4079664961693,92.48690350080697,0.521323282868495,0.5677693431371145,2.618423202058822,2.612284285935069,0.9613499828339247,5.430647011550304,0,False
topology_462_t09,462,9,49,27,29,960.0882209304324,10.777742210954225,0.011225783189496265,0.00012744892218576937,5.439994349464249,5.4399825242674975,0.981348204810184,5.96076799908089,0,False
topology_462_t09,462,9,50,28,29,147.52994179428038,5.789252233578951,0.03924120190904458,0.0016027664074751713,3.6414797094357305,3.641202857375601,0.9508847515767354,7.030345386132327,0,False
topology_462_t09,462,9,51,28,30,933.0278418091989,40.906740617203454,0.04384300101686435,0.0020103484471786746,3.6239357603190094,3.6238866156446394,0.9890321641125113,4.1597763046709275,0,False
topology_462_t09,462,9,52,29,30,411.4361355692942,7.097632951966267,0.017250874044268,0.00030281650467181836,4.9128918754307165,4.912849210995021,0.9563725410027549,6.128104646223534,0,False
topology_462_t09,462,9,53,30,32,651.3685647839569,62.66359228896691,0.09620297275130386,0.010240144288106217,2.418566198818237,2.418402784243457,0.9591649493479909,3.1860173530641642,0,False
topology_462_t09,462,9,54,31,32,930.5317528671179,13.666410996681124,0.014686668084751235,0.000218913326801716,7.888312492337267,7.8882964739893,0.9948034822341632,8.425623651121535,0,False
topology_462_t09,462,9,55,31,33,960.7224710309384,40.63126403353129,0.04229240520410689,0.0018676342838542118,5.63103796522496,5.630991999776228,0.9704548030729981,6.151433662250779,0,False
topology_462_t09,462,9,56,32,33,879.6709246413344,4.820369499880301,0.005479741758937521,3.019301969549752e-05,6.3499167289372815,6.34991046530548,0.9682644051959106,6.918304834147287,0,False
topology_462_t09,462,9,57,32,34,708.4387926115686,17.853403051100713,0.025201052281858306,0.0006515118195394172,2.958225061796957,2.9581885694925107,0.9763746472115434,3.663965843710957,0,False
topology_462_t09,462,9,58,33,34,175.0184903667092,2.443683706348434,0.013962431633527875,0.00019771000961343155,5.565628639109257,5.565547732562678,0.9583044928360857,8.42238873806084,0,False
topology_462_t09,462,9,59,33,35,710.6729966043911,27.966130791936976,0.03935161589867587,0.0016119838428558545,4.7812627752547865,4.781205134680377,0.9526677940790381,5.484763596010707,0,False
topology_462_t09,462,9,60,33,38,884.3330034054281,8.338650344089338,0.009429310352523878,8.975825214034539e-05,5.8203631979318,5.820352433809498,0.9400001551434191,6.385750307771658,0,False
topology_462_t09,462,9,61,34,35,190.5956874685175,0.5932618102668274,0.003112671740617542,9.71897735098716e-06,6.980138197605554,6.980121815331855,0.9521696001153351,9.603476029904993,0,False
topology_462_t09,462,9,62,34,36,261.0742572089472,33.27902694111013,0.12746958392943247,0.018622267519701575,3.2978768071900006,3.2973172275017886,0.9441788159540778,5.212481155747046,0,False
topology_462_t09,462,9,63,35,36,626.6592114735337,21.05392806370317,0.03359709340934561,0.0011680063024007566,5.088131479671805,5.088076002788876,0.9572569464874533,5.8859578352832775,0,False
topology_462_t09,462,9,64,35,37,495.6765320775072,5.818187401014873,0.011737871423182696,0.00013941404973757382,7.215324592427282,7.215300630660476,0.959386425031529,8.224022988171274,0,False
topology_462_t09,462,9,65,36,37,781.8234832545287,32.68930725648731,0.04181162110967835,0.0018244968299906798,4.373235185966434,4.373179372705673,0.9752511100826408,5.012709919829468,0,False
topology_462_t09,462,9,66,36,38,727.2067132669448,15.145933521719376,0.020827549093540298,0.00044301369063463463,2.1380583203862713,2.1380290707074714,0.9598905343658651,2.825591480237179,0,False
topology_462_t09,462,9,67,37,38,219.3519221613546,17.30784921290832,0.0789044793515724,0.006759252132026251,3.0992475832944986,3.098857052267282,0.9610590169210946,5.378299124501331,0,False
topology_462_t10,462,10,0,0,9,592.9119165132953,22.918226034315662,0.0386536775463877,0.0015541816231706776,2.7049541924367637,2.7048863782167256,0.9972632182842922,3.548181960704463,0,False
topology_462_t10,462,10,1,0,23,92.46075671140883,19.355810771343272,0.20934082155262024,0.05542663737159481,8.198719962546438,8.195856396766303,0.9797675058862381,13.603556028304192,0,True
topology_462_t10,462,10,2,1,2,910.7428925873426,75.88232539562514,0.08331915188495181,0.0075730621896405136,2.4426804003909046,2.4425806003103174,0.944486476096452,2.9915829631830517,0,False
topology_462_t10,462,10,3,1,12,132.76620679864016,35.00183171769503,0.26363509632221815,0.09438725781971614,4.87661541200625,4.87391877433937,0.9465087925153663,8.639937342289608,0,False
topology_462_t10,462,10,4,1,27,78.60913329269306,113.15680931174688,1.2,198.00499999999982,48.44944699543697,9.517934540528694,0.9859756692617863,15.878518598087263,1,True
topology_462_t10,462,10,5,2,3,974.8636757250107,71.34704841422176,0.07318669285852776,0.005779256696355217,2.741820610021308,2.7417396079781287,0.9869939450781644,3.2546318332712167,0,False
topology_462_t10,462,10,6,3,10,639.4647333950521,60.336328684061634,0.0943544272781447,0.009830289260102132,3.624926391053648,3.6247634661711685,0.9935143544718396,4.406667414721068,0,False
topology_462_t10,462,10,7,3,4,293.426766893204,67.31131618698508,0.22939732765240126,0.06828828373219839,1.9808710322706469,1.9798565181057106,0.9947165647974934,3.683859207751201,0,False
topology_462_t10,462,10,8,4,6,411.8432296828302,47.5905374042939,0.11555498299910004,0.0150975513901377,3.375171117278077,3.3748538787635822,0.9670626418382721,4.5889080721154105,0,False
topology_462_t10,462,10,9,4,20,65.45075309570458,52.162938959520375,0.7969799657346301,3.128642294248285,7.870718366323672,7.810740106726831,0.9679555621975716,15.450071609435149,0,True
topology_462_t10,462,10,10,5,9,962.1762351853553,40.13814375977577,0.04171599993014117,0.001815980074846993,0.7362062650650191,0.7361610218149646,0.98696874129807,1.2558163424472384,0,False
topology_462_t10,462,10,11,7,8,982.8140036184217,39.8977226174393,0.040595394927776814,0.0017177175100364548,4.606926150144565,4.606883097123055,0.9818789614608132,5.1156263569455165,0,False
topology_462_t10,462,10,12,8,9,688.2491406110404,75.83622983549488,0.11018717694026622,0.013644683069767908,1.6187416798633893,1.6185617568490285,0.988782453628049,2.345042867390032,0,False
topology_462_t10,462,10,13,9,10,386.0464023049756,156.14633158139614,0.40447555177069355,0.2747166341644679,3.836248297249483,3.834488943498535,0.9885810799965605,5.129670033167132,0,False
topology_462_t10,462,10,14,9,24,76.74369747728582,236.04635737869955,1.2,198.00499999999982,42.691315511082074,3.698268700184053,0.971517016743571,10.213461692390185,1,True
topology_462_t10,462,10,15,10,11,461.732363987649,88.94858460153972,0.19264100058604303,0.04596536997014899,4.331374924199446,4.330858160833553,0.9552675755403913,5.413736553159923,0,False
topology_462_t10,462,10,16,11,12,346.05607673481467,26.177888235974432,0.07564637639937975,0.006190676507618765,3.7130751507956647,3.7128386658488344,0.995992012277572,5.157691201650868,0,False
topology_462_t10,462,10,17,11,13,371.5032859257024,45.97154239394085,0.12374464543265111,0.017475199658909025,4.419837250350277,4.419457119540021,0.9415059853723691,5.7653402353625705,0,False
topology_462_t10,462,10,18,14,15,784.8133529003403,14.545979618430158,0.01853431719105483,0.00035000807440916027,4.371931852695792,4.371907790509292,0.9569827400642611,5.009001945638292,0,False
topology_462_t10,462,10,19,14,16,436.97228213870494,18.557046138153414,0.04246733007258109,0.001883459625069768,7.250588012761291,7.250486517102389,0.9555238171695148,8.394723853056089,0,False
topology_462_t10,462,10,20,15,16,974.3093733186109,22.8179251074307,0.02341958902613263,0.0005616303009866831,5.259105386554247,5.259080772997215,0.9683567622639768,5.772264792049543,0,False
topology_462_t10,462,10,21,15,28,391.73354864515943,48.73401729543168,0.12440603431588135,0.017675842891530066,1.8853655632728634,1.885002862968795,0.9574040583810876,3.161380650189952,0,False
topology_462_t10,462,10,22,15,37,760.2458709735571,15.416868019469325,0.02027879217512456,0.00041974125781647884,5.598667904596929,5.598640678492555,0.9505428730124924,6.256322645722063,0,False
topology_462_t10,462,10,23,16,17,282.5071792846604,50.0792376936221,0.1772671328935013,0.03819421547457714,3.9454589816145798,3.944696305958288,0.9569658581767934,5.714562832062352,0,False
topology_462_t10,462,10,24,16,18,776.9669149707504,15.542724433439465,0.020004358144419296,0.0004083429840692773,6.193926542406016,6.193900270114706,0.9461802232144993,6.837428315345336,0,False
topology_462_t10,462,10,25,17,18,834.6844887005743,33.3319562466634,0.03993359969891635,0.0016610230130053348,2.7108344625221035,2.7107846297729927,0.9568596152469053,3.309813372691641,0,False
topology_462_t10,462,10,26,17,19,278.9181983384308,37.18201473377521,0.133307955362094,0.020504412233582424,3.5255653012438954,3.525013840749342,0.954406842457987,5.317654130908235,0,False
topology_462_t10,462,10,27,17,30,154.74109095528343,61.7124144052046,0.3988107749804998,0.2645590233846722,4.57571163870802,4.571424672690979,0.9553681063444318,7.802628465512165,0,False
topology_462_t10,462,10,28,17,23,449.47282491693636,118.4311457540258,0.2634890013115079,0.09426397424582084,2.82290338054783,2.8221074414927303,0.9454072009500477,3.9345217461671034,0,False
topology_462_t10,462,10,29,18,19,235.14448384920456,24.37968168577728,0.10367958153511986,0.01199287152880893,5.9359386523898365,5.935446731630436,0.9875656259987371,8.061798971815854,0,False
topology_462_t10,462,10,30,18,20,288.1927545348798,45.76694203278637,0.15880670597236415,0.02998070721776864,3.7692152638007186,3.768560190381212,0.996071027408291,5.503510122786557,0,False
topology_462_t10,462,10,31,19,33,844.4022530489698,82.7041815934055,0.09794405604056246,0.01063463766068616,2.673048924566389,2.6729203381097455,0.9826901432454663,3.265055186393959,0,False
topology_462_t10,462,10,32,19,25,649.6494236558382,51.89557994133805,0.07988243820690363,0.006935205020371839,2.98862678129514,2.9884931436129287,0.9885353965765363,3.758139019978522,0,False
topology_462_t10,462,10,33,19,27,533.5494701077831,36.69734000594651,0.06877963911862423,0.005080042228469701,3.5552293725325823,3.5550909417300325,0.9553763013762556,4.492211167712066,0,False
topology_462_t10,462,10,34,20,21,696.9189117200689,21.24056698445878,0.03047781689843204,0.0009580980601421034,4.912945677982527,4.912900570991699,0.9598490076771349,5.63034415243498,0,False
topology_462_t10,462,10,35,20,22,528.9183879526738,5.045725822125309,0.009539705816725712,9.188251927323669e-05,5.585728260047007,5.585710050076328,0.9650195581864678,6.531035475300037,0,False
topology_462_t10,462,10,36,21,22,737.1745918880516,2.3537918330563063,0.003192990994206372,1.0227848918570092e-05,4.5230118423035615,4.52300749703871,0.9497905611961392,5.2012728706721125,0,False
topology_462_t10,462,10,37,21,23,511.48602307379736,47.99058046209786,0.09382579053420931,0.009714775456431323,1.8000387894128709,1.799836358532417,0.9486196494898088,2.7773801768272524,0,False
topology_462_t10,462,10,38,22,23,917.6686316363276,34.7384277163641,0.03785508899265824,0.0014893887045993432,3.338002937531122,3.3379600631466864,0.9988762458146112,3.8828190490187784,0,False
topology_462_t10,462,10,39,22,24,178.2627848048726,0.0,0.0,1.000001000001e-12,5.576277703914149,5.576277698304448,0.9631771545946513,8.381125611722286,0,False
topology_462_t10,462,10,40,23,24,697.9704501842481,138.02071758670627,0.19774578930995143,0.048741903337822835,2.50296520841177,2.5026120592310526,0.9646057658347074,3.2189747646550595,0,False
topology_462_t10,462,10,41,24,25,163.83927750945526,93.48487973210585,0.5705889402906503,0.7581820063096959,4.39588815645993,4.387777946461453,0.9485273040017604,7.439549216455882,0,False
topology_462_t10,462,10,42,24,26,407.81054510308013,78.59408006025565,0.1927220396922052,0.046008669144098374,3.939156803035461,3.938571406920272,0.9938309675713546,5.164630924026721,0,False
topology_462_t10,462,10,43,25,27,806.0503516211406,62.57609206368025,0.07763298153499501,0.006534144978473705,1.634031098256828,1.6339266790647216,0.9420362416742302,2.254235322308152,0,False
topology_462_t10,462,10,44,25,29,910.6624541302035,16.552912914546692,0.01817678201124125,0.00033651211158052517,5.422595719460706,5.422575389980734,0.9907626894126476,5.971626246016698,0,False
topology_462_t10,462,10,45,25,38,846.992280567397,39.766914803873114,0.04695074053949276,0.0023129675778297107,4.001273137990286,4.001214974876823,0.9864887750388566,4.591539127140704,0,False
topology_462_t10,462,10,46,26,27,399.92146941082905,24.679174780469868,0.06171005226808063,0.004058586112037589,4.093784347093175,4.093619893210574,0.9691850644511771,5.343865349491299,0,False
topology_462_t10,462,10,47,26,36,405.9455376162782,76.97530210570858,0.18961977647964642,0.044368875977744054,2.9955140869865096,2.994937682935288,0.9501726177503664,4.226630000422042,0,False
topology_462_t10,462,10,48,27,28,177.4079664961693,74.39284394254086,0.41933203684033654,0.30282255656717827,2.616354873111452,2.612284285935069,0.9613499828339247,5.430647011550304,0,False
topology_462_t10,462,10,49,27,29,960.0882209304324,11.084188714010299,0.011544968964694188,0.00013484306742426937,5.439994689620407,5.4399825242674975,0.981348204810184,5.96076799908089,0,False
topology_462_t10,462,10,50,28,29,147.52994179428038,3.3265027594551992,0.022547983948192442,0.0005201396813130076,3.6413592196933036,3.641202857375601,0.9508847515767354,7.030345386132327,0,False
topology_462_t10,462,10,51,28,30,933.0278418091989,34.108723977865864,0.036557026971164044,0.001387125401692474,3.6239272834046705,3.6238866156446394,0.9890321641125113,4.1597763046709275,0,False
topology_462_t10,462,10,52,29,30,411.4361355692942,11.146220558663297,0.02709101023234272,0.0007543591878868011,4.912916889468089,4.912849210995021,0.9563725410027549,6.128104646223534,0,False
topology_462_t10,462,10,53,30,32,651.3685647839569,55.052039208787775,0.0845174946799086,0.0078026689373717865,2.418544516848634,2.418402784243457,0.9591649493479909,3.1860173530641642,0,False
topology_462_t10,462,10,54,31,32,930.5317528671179,7.61462011704057,0.008183084664847493,6.751535852706674e-05,7.88830534053254,7.8882964739893,0.9948034822341632,8.425623651121535,0,False
topology_462_t10,462,10,55,31,33,960.7224710309384,36.912578818156504,0.03842168777268851,0.0015352115085484487,5.631033590246407,5.630991999776228,0.9704548030729981,6.151433662250779,0,False
topology_462_t10,462,10,56,32,33,879.6709246413344,4.465145977661565,0.005075927659518956,2.5896490316149797e-05,6.349916265001715,6.34991046530548,0.9682644051959106,6.918304834147287,0,False
topology_462_t10,462,10,57,32,34,708.4387926115686,16.403880976069114,0.02315497280378777,0.0005488616419362268,2.958222028747838,2.9581885694925107,0.9763746472115434,3.663965843710957,0,False
topology_462_t10,462,10,58,33,34,175.0184903667092,1.7550542343796856,0.010027821807298139,0.00010157579416272269,5.565605608719535,5.565547732562678,0.9583044928360857,8.42238873806084,0,False
topology_462_t10,462,10,59,33,35,710.6729966043911,18.903682904537106,0.026599692115585168,0.0007268783612588914,4.781243586360134,4.781205134680377,0.9526677940790381,5.484763596010707,0,False
topology_462_t10,462,10,60,33,38,884.3330034054281,5.632121901139305,0.006368779497599755,4.0821334366424543e-05,5.820359681758865,5.820352433809498,0.9400001551434191,6.385750307771658,0,False
topology_462_t10,462,10,61,34,35,190.5956874685175,0.6882475569051574,0.0036110342581536204,1.3086825388366936e-05,6.980140830038493,6.980121815331855,0.9521696001153351,9.603476029904993,0,False
topology_462_t10,462,10,62,34,36,261.0742572089472,31.927876382220404,0.12229423430540441,0.01703974193733298,3.297850922312347,3.2973172275017886,0.9441788159540778,5.212481155747046,0,False
topology_462_t10,462,10,63,35,36,626.6592114735337,12.830162000121211,0.020473906335713506,0.00042794249520751996,5.088109357199771,5.088076002788876,0.9572569464874533,5.8859578352832775,0,False
topology_462_t10,462,10,64,35,37,495.6765320775072,3.663836922862349,0.007391588436729637,5.504243061163372e-05,7.215315653826564,7.215300630660476,0.959386425031529,8.224022988171274,0,False
topology_462_t10,462,10,65,36,37,781.8234832545287,23.005795764151056,0.029425818304131626,0.0008921304514352854,4.373218151214384,4.373179372705673,0.9752511100826408,5.012709919829468,0,False
topology_462_t10,462,10,66,36,38,727.2067132669448,11.768473545666064,0.016183120055089567,0.00026620134301020236,2.1380516905775826,2.1380290707074714,0.9598905343658651,2.825591480237179,0,False
topology_462_t10,462,10,67,37,38,219.3519221613546,15.06689728661783,0.06868823914629145,0.005066052416962063,3.099193289537676,3.098857052267282,0.9610590169210946,5.378299124501331,0,False
topology_462_t11,462,11,0,0,9,592.9119165132953,59.60786065700156,0.10053409114718802,0.011236783276958002,2.705074889986031,2.7048863782167256,0.9972632182842922,3.548181960704463,0,False
topology_462_t11,462,11,1,0,23,92.46075671140883,35.35530922175988,0.3823817853028381,0.23674144682258136,8.202552461714784,8.195856396766303,0.9797675058862381,13.603556028304192,0,True
topology_462_t11,462,11,2,1,2,910.7428925873426,143.3939962410848,0.1574472855162391,0.029422073290240287,2.442785783749384,2.4425806003103174,0.944486476096452,2.9915829631830517,0,False
topology_462_t11,462,11,3,1,12,132.76620679864016,110.07956338975106,0.8291233593553156,4.0230516145158575,4.910465536432454,4.87391877433937,0.9465087925153663,8.639937342289608,0,False
topology_462_t11,462,11,4,1,27,78.60913329269306,262.305138137012,1.2,198.00499999999982,48.44944699543697,9.517934540528694,0.9859756692617863,15.878518598087263,1,True
topology_462_t11,462,11,5,2,3,974.8636757250107,142.1632610292169,0.14582886260839437,0.02489671710823479,2.7419147356231193,2.7417396079781287,0.9869939450781644,3.2546318332712167,0,False
topology_462_t11,462,11,6,3,10,639.4647333950521,171.57018003611987,0.2683028024473185,0.09838276549624461,3.6253368919580713,3.6247634661711685,0.9935143544718396,4.406667414721068,0,False
topology_462_t11,462,11,7,3,4,293.426766893204,148.37425668130598,0.5056602649181916,0.5172400383206524,1.983342567841627,1.9798565181057106,0.9947165647974934,3.683859207751201,0,False
topology_462_t11,462,11,8,4,6,411.8432296828302,77.64164202968449,0.18852232216971995,0.04379746594051967,3.37541797638949,3.3748538787635822,0.9670626418382721,4.5889080721154105,0,False
topology_462_t11,462,11,9,4,20,65.45075309570458,113.33493165336597,1.2,198.00499999999982,47.251194044804706,7.810740106726831,0.9679555621975716,15.450071609435149,1,True
topology_462_t11,462,11,10,5,9,962.1762351853553,112.4171720856918,0.11683636320952738,0.015456632496370762,0.7362985153331665,0.7361610218149646,0.98696874129807,1.2558163424472384,0,False
topology_462_t11,462,11,11,7,8,982.8140036184217,89.02624448973933,0.09058300366292281,0.009022572247545485,4.6069844444538255,4.606883097123055,0.9818789614608132,5.1156263569455165,0,False
topology_462_t11,462,11,12,8,9,688.2491406110404,154.36171543087787,0.22428174090247707,0.06484609420019063,1.6189818486704959,1.6185617568490285,0.988782453628049,2.345042867390032,0,False
topology_462_t11,462,11,13,9,10,386.0464023049756,384.11870557384475,0.9950065672944468,198.00499999999982,16.15075909252025,3.834488943498535,0.9885810799965605,5.129670033167132,1,False
topology_462_t11,462,11,14,9,24,76.74369747728582,503.1245836467668,1.2,198.00499999999982,42.691315511082074,3.698268700184053,0.971517016743571,10.213461692390185,1,True
topology_462_t11,462,11,15,10,11,461.732363987649,248.41521404327588,0.5380069352251877,0.6265277217775675,4.33338025966792,4.330858160833553,0.9552675755403913,5.413736553159923,0,False
topology_462_t11,462,11,16,11,12,346.05607673481467,65.48284444026446,0.18922610768209236,0.0441633853381097,3.713513092650474,3.7128386658488344,0.995992012277572,5.157691201650868,0,False
topology_462_t11,462,11,17,11,13,371.5032859257024,130.9322809988747,0.3524390926250382,0.1918171906236399,4.42092213022463,4.419457119540021,0.9415059853723691,5.7653402353625705,0,False
topology_462_t11,462,11,18,14,15,784.8133529003403,32.58733506355679,0.041522401400444706,0.0017988003272885803,4.37196298987812,4.371907790509292,0.9569827400642611,5.009001945638292,0,False
topology_462_t11,462,11,19,14,16,436.97228213870494,35.33281065720573,0.0808582422763151,0.007113217617494821,7.250687837560206,7.250486517102389,0.9555238171695148,8.394723853056089,0,False
topology_462_t11,462,11,20,15,16,974.3093733186109,48.99399598300033,0.05028587153597947,0.0026625579217428984,5.259135117572878,5.259080772997215,0.9683567622639768,5.772264792049543,0,False
topology_462_t11,462,11,21,15,28,391.73354864515943,103.05843312451913,0.2630829896519066,0.09392191857736,1.8859142092383805,1.885002862968795,0.9574040583810876,3.161380650189952,0,False
topology_462_t11,462,11,22,15,37,760.2458709735571,84.39922439009952,0.1110156958590507,0.013863557173800436,5.598804940158157,5.598640678492555,0.9505428730124924,6.256322645722063,0,False
topology_462_t11,462,11,23,16,17,282.5071792846604,91.94222013854113,0.3254509155177899,0.15702089121160312,3.9464041273593264,3.944696305958288,0.9569658581767934,5.714562832062352,0,False
topology_462_t11,462,11,24,16,18,776.9669149707504,26.184963001894292,0.0337015161100908,0.0011754051228006592,6.193945158668595,6.193900270114706,0.9461802232144993,6.837428315345336,0,False
topology_462_t11,462,11,25,17,18,834.6844887005743,64.15483505096098,0.07686118038546083,0.0063995153542704564,2.7108843808727996,2.7107846297729927,0.9568596152469053,3.309813372691641,0,False
topology_462_t11,462,11,26,17,19,278.9181983384308,74.00305620361385,0.2653217202909823,0.09581828836160457,3.52630862900914,3.525013840749342,0.954406842457987,5.317654130908235,0,False
topology_462_t11,462,11,27,17,30,154.74109095528343,118.40783982034644,0.7651997222545338,2.4937390217789974,4.592485263151565,4.571424672690979,0.9553681063444318,7.802628465512165,0,False
topology_462_t11,462,11,28,17,23,449.47282491693636,226.460721214762,0.5038362914523531,0.5116275217458452,2.8243666744360922,2.8221074414927303,0.9454072009500477,3.9345217461671034,0,False
topology_462_t11,462,11,29,18,19,235.14448384920456,58.13623350525429,0.24723622069968004,0.08120176675168425,5.936843481331194,5.935446731630436,0.9875656259987371,8.061798971815854,0,False
topology_462_t11,462,11,30,18,20,288.1927545348798,97.16754785148974,0.3371616611538706,0.17150182644825337,3.7703252017480766,3.768560190381212,0.996071027408291,5.503510122786557,0,False
topology_462_t11,462,11,31,19,33,844.4022530489698,176.93113930642727,0.2095341866599288,0.0555426618562053,2.673234260588705,2.6729203381097455,0.9826901432454663,3.265055186393959,0,False
topology_462_t11,462,11,32,19,25,649.6494236558382,108.51987208611938,0.16704374410960682,0.03349949321927846,2.988801838164215,2.9884931436129287,0.9885353965765363,3.758139019978522,0,False
topology_462_t11,462,11,33,19,27,533.5494701077831,83.82333462387079,0.15710508457057884,0.029282425538602563,3.55544027674122,3.5550909417300325,0.9553763013762556,4.492211167712066,0,False
topology_462_t11,462,11,34,20,21,696.9189117200689,40.490710653001564,0.058099600932146105,0.0035837798049722014,4.912989079682882,4.912900570991699,0.9598490076771349,5.63034415243498,0,False
topology_462_t11,462,11,35,20,22,528.9183879526738,10.646814400732007,0.020129408701299784,0.0004135169462805582,5.585748889576174,5.585710050076328,0.9650195581864678,6.531035475300037,0,False
topology_462_t11,462,11,36,21,22,737.1745918880516,1.0440765161762158,0.0014163218966922434,2.0088128406625006e-06,4.523009421047927,4.52300749703871,0.9497905611961392,5.2012728706721125,0,False
topology_462_t11,462,11,37,21,23,511.48602307379736,116.11736280263895,0.22701962040883666,0.06667427713732033,1.8004105558404515,1.799836358532417,0.9486196494898088,2.7773801768272524,0,False
topology_462_t11,462,11,38,22,23,917.6686316363276,64.74866077017634,0.0705577792876288,0.00535633104141325,3.3380427881170207,3.3379600631466864,0.9988762458146112,3.8828190490187784,0,False
topology_462_t11,462,11,39,22,24,178.2627848048726,0.0,0.0,1.000001000001e-12,5.576277703914149,5.576277698304448,0.9631771545946513,8.381125611722286,0,False
topology_462_t11,462,11,40,23,24,697.9704501842481,294.4192155860323,0.4218218916120481,0.30774895427859167,2.503657333920974,2.5026120592310526,0.9646057658347074,3.2189747646550595,0,False
topology_462_t11,462,11,41,24,25,163.83927750945526,192.77882149676253,1.1766337378144087,198.00499999999982,39.19843144964829,4.387777946461453,0.9485273040017604,7.439549216455882,1,False
topology_462_t11,462,11,42,24,26,407.81054510308013,184.4909157693037,0.452393686197278,0.373735733413934,3.9405971745948243,3.938571406920272,0.9938309675713546,5.164630924026721,0,False
topology_462_t11,462,11,43,25,27,806.0503516211406,111.33342571224605,0.13812217250241327,0.022135079854853124,1.634125496982281,1.6339266790647216,0.9420362416742302,2.254235322308152,0,False
topology_462_t11,462,11,44,25,29,910.6624541302035,38.52060573399717,0.04229954310655002,0.0018682786816524915,5.422623890741458,5.422575389980734,0.9907626894126476,5.971626246016698,0,False
topology_462_t11,462,11,45,25,38,846.992280567397,73.81089928160341,0.0871447130924945,0.008319172960809789,4.001327684152035,4.001214974876823,0.9864887750388566,4.591539127140704,0,False
topology_462_t11,462,11,46,26,27,399.92146941082905,56.846988738836984,0.14214537874794497,0.023553301688701865,4.09403422125523,4.093619893210574,0.9691850644511771,5.343865349491299,0,False
topology_462_t11,462,11,47,26,36,405.9455376162782,182.51652073757336,0.44960839281376186,0.3672797772517132,2.996949992701919,2.994937682935288,0.9501726177503664,4.226630000422042,0,False
topology_462_t11,462,11,48,27,28,177.4079664961693,152.204877726146,0.8579371080803888,5.181198773834979,2.6463252368641004,2.612284285935069,0.9613499828339247,5.430647011550304,1,False
topology_462_t11,462,11,49,27,29,960.0882209304324,31.274111781119746,0.032574206306595084,0.001096806518310483,5.4400175950163,5.4399825242674975,0.981348204810184,5.96076799908089,0,False
topology_462_t11,462,11,50,28,29,147.52994179428038,7.407212715017445,0.05020819926402639,0.002654121957446692,3.641561173257642,3.641202857375601,0.9508847515767354,7.030345386132327,0,False
topology_462_t11,462,11,51,28,30,933.0278418091989,86.9304090600126,0.09317021975619627,0.009572568125281547,3.6239967332459346,3.6238866156446394,0.9890321641125113,4.1597763046709275,0,False
topology_462_t11,462,11,52,29,30,411.4361355692942,13.641297763013709,0.033155322500145926,0.0011369720862830614,4.9129325587897865,4.912849210995021,0.9563725410027549,6.128104646223534,0,False
topology_462_t11,462,11,53,30,32,651.3685647839569,124.80047024194272,0.19159731830678073,0.04540995869219637,2.4187666447209386,2.418402784243457,0.9591649493479909,3.1860173530641642,0,False
topology_462_t11,462,11,54,31,32,930.5317528671179,25.905314567471233,0.027839259098523823,0.0007972183143664782,7.888327248304442,7.8882964739893,0.9948034822341632,8.425623651121535,0,False
topology_462_t11,462,11,55,31,33,960.7224710309384,77.18832518426163,0.08034404056504671,0.0070191083829696434,5.631082934621183,5.630991999776228,0.9704548030729981,6.151433662250779,0,False
topology_462_t11,462,11,56,32,33,879.6709246413344,5.2759620821121835,0.005997654275390921,3.6188905350009195e-05,6.349917324510453,6.34991046530548,0.9682644051959106,6.918304834147287,0,False
topology_462_t11,462,11,57,32,34,708.4387926115686,52.79299930014083,0.07452019828773947,0.00600041183240276,2.9583022287259686,2.9581885694925107,0.9763746472115434,3.663965843710957,0,False
topology_462_t11,462,11,58,33,34,175.0184903667092,2.0112036574285304,0.01149137815789941,0.0001335868691987402,5.565614153916232,5.565547732562678,0.9583044928360857,8.42238873806084,0,False
topology_462_t11,462,11,59,33,35,710.6729966043911,45.343982440734834,0.06380428503318578,0.0043484356139574095,4.781301033526925,4.781205134680377,0.9526677940790381,5.484763596010707,0,False
topology_462_t11,462,11,60,33,38,884.3330034054281,7.258802817783998,0.008208223361371206,6.79325361806351e-05,5.820361792451396,5.820352433809498,0.9400001551434191,6.385750307771658,0,False
topology_462_t11,462,11,61,34,35,190.5956874685175,0.7740643075811076,0.004061289727287073,1.656133462715895e-05,6.980143210627395,6.980121815331855,0.9521696001153351,9.603476029904993,0,False
topology_462_t11,462,11,62,34,36,261.0742572089472,61.85687011817212,0.23693209272895038,0.07356726187801732,3.298506541829162,3.2973172275017886,0.9441788159540778,5.212481155747046,0,False
topology_462_t11,462,11,63,35,36,626.6592114735337,39.93785584016615,0.06373137920729804,0.0043381659979435695,5.088184625695806,5.088076002788876,0.9572569464874533,5.8859578352832775,0,False
topology_462_t11,462,11,64,35,37,495.6765320775072,21.313794600883693,0.042999402274608654,0.0019320244944132944,7.21539127732995,7.215300630660476,0.959386425031529,8.224022988171274,0,False
topology_462_t11,462,11,65,36,37,781.8234832545287,63.93919310330511,0.08178213429602141,0.007284020208956277,4.373293293758715,4.373179372705673,0.9752511100826408,5.012709919829468,0,False
topology_462_t11,462,11,66,36,38,727.2067132669448,12.579303153769077,0.017298111973220242,0.00030449181128459505,2.1380532764848157,2.1380290707074714,0.9598905343658651,2.825591480237179,0,False
topology_462_t11,462,11,67,37,38,219.3519221613546,52.67170469643898,0.24012419940270155,0.07588033609369474,3.1002976803337363,3.098857052267282,0.9610590169210946,5.378299124501331,0,False
